dots: 0 2 41.009765625 20.62109375 2.0673828125 1.9873046875 1.630859375 1.2802734375 0.521484375 0.197265625 0.044921875 0 0 0 0 0 0 0 0 0 0 0 2 0 956.5400390625 1022.091796875 107.9833984375 107.56640625 79.42578125 44.615234375 19.7861328125 3.5400390625 1.921875 0 0 0 0 0 0 0 0 0 0 0 41.009765625 956.5400390625 0.09765625 6386.55859375 579.0107421875 265.79296875 180.716796875 40.431640625 49.7958984375 15.0078125 4.25390625 0 0 0 0 0 0 0 0 0 0 0 20.62109375 1022.091796875 6386.55859375 23.046875 7.818359375 392.1474609375 397.2734375 121.0458984375 169.1171875 67.921875 2.3701171875 0 0 0 0 0 0 0 0 0 0 0 2.0673828125 107.9833984375 579.0107421875 7.818359375 0 31.283203125 33.1240234375 9.7177734375 14.9609375 6.4296875 0.1591796875 0 0 0 0 0 0 0 0 0 0 0 1.9873046875 107.56640625 265.79296875 392.1474609375 31.283203125 0 0.9404296875 4.431640625 2.232421875 2.630859375 0.205078125 0 0 0 0 0 0 0 0 0 0 0 1.630859375 79.42578125 180.716796875 397.2734375 33.1240234375 0.9404296875 0 4.3193359375 0.75390625 1.51171875 0.2451171875 0 0 0 0 0 0 0 0 0 0 0 1.2802734375 44.615234375 40.431640625 121.0458984375 9.7177734375 4.431640625 4.3193359375 0 2.23046875 1.19921875 0.0263671875 0 0 0 0 0 0 0 0 0 0 0 0.521484375 19.7861328125 49.7958984375 169.1171875 14.9609375 2.232421875 0.75390625 2.23046875 0 0.201171875 0.13671875 0 0 0 0 0 0 0 0 0 0 0 0.197265625 3.5400390625 15.0078125 67.921875 6.4296875 2.630859375 1.51171875 1.19921875 0.201171875 0 0.0712890625 0 0 0 0 0 0 0 0 0 0 0 0.044921875 1.921875 4.25390625 2.3701171875 0.1591796875 0.205078125 0.2451171875 0.0263671875 0.13671875 0.0712890625 0 0 0 0 0 0 0 0 0 0 0 0 0 0 0 0 0 0 0 0 0 0 0 0 0 0 0 0 0 0 0 0 0 0 0 0 0 0 0 0 0 0 0 0 0 0 0 0 0 0 0 0 0 0 0 0 0 0 0 0 0 0 0 0 0 0 0 0 0 0 0 0 0 0 0 0 0 0 0 0 0 0 0 0 0 0 0 0 0 0 0 0 0 0 0 0 0 0 0 0 0 0 0 0 0 0 0 0 0 0 0 0 0 0 0 0 0 0 0 0 0 0 0 0 0 0 0 0 0 0 0 0 0 0 0 0 0 0 0 0 0 0 0 0 0 0 0 0 0 0 0 0 0 0 0 0 0 0 0 0 0 0 0 0 0 0 0 0 0 0 0 0 0 0 0 0 0 0 0 0 0 0 0 0 0 0 0 0 0 0 0 0 0 0 0 0 0 0 0 0 0 0 0 0 0 0 0 0 0 0 0 0 0 0 0 0 0 0 0 0 0 0 0 0 0 0 0 0 0 0 0 0 0 0 0 0 0 0 0 0 0 0 0 0 0 0 0 0 0 0 0 0 0 0
batch1: -0.00716400146484375 -0.00055694580078125 0.12830734252929688 0.060955047607421875 -0.000335693359375 -0.000598907470703125 -0.00177764892578125 -0.00293731689453125 -0.005443572998046875 -0.0065155029296875 -0.00701904296875 0 0 0 0 0 0 0 0 0 0 0 -0.00055694580078125 -0.00716400146484375 3.1527290344238281 3.3692779541015625 0.34955215454101562 0.348175048828125 0.25521469116210938 0.14022064208984375 0.058197021484375 0.004528045654296875 -0.00081634521484375 0 0 0 0 0 0 0 0 0 0 0 0.12830734252929688 3.1527290344238281 -0.00684356689453125 21.090591430664062 1.9055747985839844 0.87087249755859375 0.58982467651367188 0.12639999389648438 0.1573333740234375 0.04241180419921875 0.006885528564453125 0 0 0 0 0 0 0 0 0 0 0 0.060955047607421875 3.3692779541015625 21.090591430664062 0.0689697265625 0.0186614990234375 1.2882804870605469 1.3052139282226562 0.39270401000976562 0.55150604248046875 0.21721267700195312 0.00066375732421875 0 0 0 0 0 0 0 0 0 0 0 -0.000335693359375 0.34955215454101562 1.9055747985839844 0.0186614990234375 -0.00716400146484375 0.0961761474609375 0.10225677490234375 0.024936676025390625 0.042255401611328125 0.01407623291015625 -0.006641387939453125 0 0 0 0 0 0 0 0 0 0 0 -0.000598907470703125 0.348175048828125 0.87087249755859375 1.2882804870605469 0.0961761474609375 -0.00716400146484375 -0.004058837890625 0.007472991943359375 0.000209808349609375 0.00152587890625 -0.006488800048828125 0 0 0 0 0 0 0 0 0 0 0 -0.00177764892578125 0.25521469116210938 0.58982467651367188 1.3052139282226562 0.10225677490234375 -0.004058837890625 -0.00716400146484375 0.00710296630859375 -0.00467681884765625 -0.002170562744140625 -0.00635528564453125 0 0 0 0 0 0 0 0 0 0 0 -0.00293731689453125 0.14022064208984375 0.12639999389648438 0.39270401000976562 0.024936676025390625 0.007472991943359375 0.00710296630859375 -0.00716400146484375 0.000202178955078125 -0.003204345703125 -0.007080078125 0 0 0 0 0 0 0 0 0 0 0 -0.005443572998046875 0.058197021484375 0.1573333740234375 0.55150604248046875 0.042255401611328125 0.000209808349609375 -0.00467681884765625 0.000202178955078125 -0.00716400146484375 -0.006500244140625 -0.0067138671875 0 0 0 0 0 0 0 0 0 0 0 -0.0065155029296875 0.004528045654296875 0.04241180419921875 0.21721267700195312 0.01407623291015625 0.00152587890625 -0.002170562744140625 -0.003204345703125 -0.006500244140625 -0.00716400146484375 -0.006931304931640625 0 0 0 0 0 0 0 0 0 0 0 -0.00701904296875 -0.00081634521484375 0.006885528564453125 0.00066375732421875 -0.006641387939453125 -0.006488800048828125 -0.00635528564453125 -0.007080078125 -0.0067138671875 -0.006931304931640625 -0.00716400146484375 0 0 0 0 0 0 0 0 0 0 0 0 0 0 0 0 0 0 0 0 0 0 0 0 0 0 0 0 0 0 0 0 0 0 0 0 0 0 0 0 0 0 0 0 0 0 0 0 0 0 0 0 0 0 0 0 0 0 0 0 0 0 0 0 0 0 0 0 0 0 0 0 0 0 0 0 0 0 0 0 0 0 0 0 0 0 0 0 0 0 0 0 0 0 0 0 0 0 0 0 0 0 0 0 0 0 0 0 0 0 0 0 0 0 0 0 0 0 0 0 0 0 0 0 0 0 0 0 0 0 0 0 0 0 0 0 0 0 0 0 0 0 0 0 0 0 0 0 0 0 0 0 0 0 0 0 0 0 0 0 0 0 0 0 0 0 0 0 0 0 0 0 0 0 0 0 0 0 0 0 0 0 0 0 0 0 0 0 0 0 0 0 0 0 0 0 0 0 0 0 0 0 0 0 0 0 0 0 0 0 0 0 0 0 0 0 0 0 0 0 0 0 0 0 0 0 0 0 0 0 0 0 0 0 0 0 0 0 0 0 0 0 0 0 0 0 0 0 0 0 0 0 0
jmass: 0.030521392822265625
jdotp: 0.003200531005859375 0.15651702880859375 0.57273483276367188 0.578857421875 0.051822662353515625 0.052947998046875 0.0455780029296875 0.013851165771484375 0.015903472900390625 0.005046844482421875 -0.000972747802734375 0 0 0 0 0 0 0 0 0 0 0
T0: -0.00716400146484375 -0.00055694580078125 0.12830734252929688 0.060955047607421875 -0.000335693359375 -0.000598907470703125 -0.00177764892578125 -0.00293731689453125 -0.005443572998046875 -0.0065155029296875 -0.00701904296875 0 0 0 0 0 0 0 0 0 0 0 -0.00055694580078125 -0.00716400146484375 3.1527290344238281 3.3692779541015625 0.34955215454101562 0.348175048828125 0.25521469116210938 0.14022064208984375 0.058197021484375 0.004528045654296875 -0.00081634521484375 0 0 0 0 0 0 0 0 0 0 0 0.12830734252929688 3.1527290344238281 -0.00684356689453125 21.090591430664062 1.9055747985839844 0.87087249755859375 0.58982467651367188 0.12639999389648438 0.1573333740234375 0.04241180419921875 0.006885528564453125 0 0 0 0 0 0 0 0 0 0 0 0.060955047607421875 3.3692779541015625 21.090591430664062 0.0689697265625 0.0186614990234375 1.2882804870605469 1.3052139282226562 0.39270401000976562 0.55150604248046875 0.21721267700195312 0.00066375732421875 0 0 0 0 0 0 0 0 0 0 0 -0.000335693359375 0.34955215454101562 1.9055747985839844 0.0186614990234375 -0.00716400146484375 0.0961761474609375 0.10225677490234375 0.024936676025390625 0.042255401611328125 0.01407623291015625 -0.006641387939453125 0 0 0 0 0 0 0 0 0 0 0 -0.000598907470703125 0.348175048828125 0.87087249755859375 1.2882804870605469 0.0961761474609375 -0.00716400146484375 -0.004058837890625 0.007472991943359375 0.000209808349609375 0.00152587890625 -0.006488800048828125 0 0 0 0 0 0 0 0 0 0 0 -0.00177764892578125 0.25521469116210938 0.58982467651367188 1.3052139282226562 0.10225677490234375 -0.004058837890625 -0.00716400146484375 0.00710296630859375 -0.00467681884765625 -0.002170562744140625 -0.00635528564453125 0 0 0 0 0 0 0 0 0 0 0 -0.00293731689453125 0.14022064208984375 0.12639999389648438 0.39270401000976562 0.024936676025390625 0.007472991943359375 0.00710296630859375 -0.00716400146484375 0.000202178955078125 -0.003204345703125 -0.007080078125 0 0 0 0 0 0 0 0 0 0 0 -0.005443572998046875 0.058197021484375 0.1573333740234375 0.55150604248046875 0.042255401611328125 0.000209808349609375 -0.00467681884765625 0.000202178955078125 -0.00716400146484375 -0.006500244140625 -0.0067138671875 0 0 0 0 0 0 0 0 0 0 0 -0.0065155029296875 0.004528045654296875 0.04241180419921875 0.21721267700195312 0.01407623291015625 0.00152587890625 -0.002170562744140625 -0.003204345703125 -0.006500244140625 -0.00716400146484375 -0.006931304931640625 0 0 0 0 0 0 0 0 0 0 0 -0.00701904296875 -0.00081634521484375 0.006885528564453125 0.00066375732421875 -0.006641387939453125 -0.006488800048828125 -0.00635528564453125 -0.007080078125 -0.0067138671875 -0.006931304931640625 -0.00716400146484375 0 0 0 0 0 0 0 0 0 0 0 0 0 0 0 0 0 0 0 0 0 0 0 0 0 0 0 0 0 0 0 0 0 0 0 0 0 0 0 0 0 0 0 0 0 0 0 0 0 0 0 0 0 0 0 0 0 0 0 0 0 0 0 0 0 0 0 0 0 0 0 0 0 0 0 0 0 0 0 0 0 0 0 0 0 0 0 0 0 0 0 0 0 0 0 0 0 0 0 0 0 0 0 0 0 0 0 0 0 0 0 0 0 0 0 0 0 0 0 0 0 0 0 0 0 0 0 0 0 0 0 0 0 0 0 0 0 0 0 0 0 0 0 0 0 0 0 0 0 0 0 0 0 0 0 0 0 0 0 0 0 0 0 0 0 0 0 0 0 0 0 0 0 0 0 0 0 0 0 0 0 0 0 0 0 0 0 0 0 0 0 0 0 0 0 0 0 0 0 0 0 0 0 0 0 0 0 0 0 0 0 0 0 0 0 0 0 0 0 0 0 0 0 0 0 0 0 0 0 0 0 0 0 0 0 0 0 0 0 0 0 0 0 0 0 0 0 0 0 0 0 0 0
T1: 0.003200531005859375 0 0 0 0 0 0 0 0 0 0 0 0 0 0 0 0 0 0 0 0 0 0 0.15651702880859375 0 0 0 0 0 0 0 0 0 0 0 0 0 0 0 0 0 0 0 0 0 0 0.57273483276367188 0 0 0 0 0 0 0 0 0 0 0 0 0 0 0 0 0 0 0 0 0 0 0.578857421875 0 0 0 0 0 0 0 0 0 0 0 0 0 0 0 0 0 0 0 0 0 0 0.051822662353515625 0 0 0 0 0 0 0 0 0 0 0 0 0 0 0 0 0 0 0 0 0 0 0.052947998046875 0 0 0 0 0 0 0 0 0 0 0 0 0 0 0 0 0 0 0 0 0 0 0.0455780029296875 0 0 0 0 0 0 0 0 0 0 0 0 0 0 0 0 0 0 0 0 0 0 0.013851165771484375 0 0 0 0 0 0 0 0 0 0 0 0 0 0 0 0 0 0 0 0 0 0 0.015903472900390625 0 0 0 0 0 0 0 0 0 0 0 0 0 0 0 0 0 0 0 0 0 0 0.005046844482421875 0 0 0 0 0 0 0 0 0 0 0 0 0 0 0 0 0 0 0 0 0 0 -0.000972747802734375 0 0 0 0 0 0 0 0 0 0 0 0 0 0 0 0 0 0 0 0 0 0 0 0 0 0 0 0 0 0 0 0 0 0 0 0 0 0 0 0 0 0 0 0 0 0 0 0 0 0 0 0 0 0 0 0 0 0 0 0 0 0 0 0 0 0 0 0 0 0 0 0 0 0 0 0 0 0 0 0 0 0 0 0 0 0 0 0 0 0 0 0 0 0 0 0 0 0 0 0 0 0 0 0 0 0 0 0 0 0 0 0 0 0 0 0 0 0 0 0 0 0 0 0 0 0 0 0 0 0 0 0 0 0 0 0 0 0 0 0 0 0 0 0 0 0 0 0 0 0 0 0 0 0 0 0 0 0 0 0 0 0 0 0 0 0 0 0 0 0 0 0 0 0 0 0 0 0 0 0 0 0 0 0 0 0 0 0 0 0 0 0 0 0 0 0 0 0 0 0 0 0 0 0 0 0 0 0 0 0 0 0 0 0 0 0 0 0 0 0 0 0 0 0 0 0 0 0 0 0 0 0 0 0 0 0 0 0 0 0 0 0 0 0 0 0 0 0 0 0 0 0 0
T2: 0.003200531005859375 0.15651702880859375 0.57273483276367188 0.578857421875 0.051822662353515625 0.052947998046875 0.0455780029296875 0.013851165771484375 0.015903472900390625 0.005046844482421875 -0.000972747802734375 0 0 0 0 0 0 0 0 0 0 0 0.003200531005859375 0.15651702880859375 0.57273483276367188 0.578857421875 0.051822662353515625 0.052947998046875 0.0455780029296875 0.013851165771484375 0.015903472900390625 0.005046844482421875 -0.000972747802734375 0 0 0 0 0 0 0 0 0 0 0 0.003200531005859375 0.15651702880859375 0.57273483276367188 0.578857421875 0.051822662353515625 0.052947998046875 0.0455780029296875 0.013851165771484375 0.015903472900390625 0.005046844482421875 -0.000972747802734375 0 0 0 0 0 0 0 0 0 0 0 0.003200531005859375 0.15651702880859375 0.57273483276367188 0.578857421875 0.051822662353515625 0.052947998046875 0.0455780029296875 0.013851165771484375 0.015903472900390625 0.005046844482421875 -0.000972747802734375 0 0 0 0 0 0 0 0 0 0 0 0.003200531005859375 0.15651702880859375 0.57273483276367188 0.578857421875 0.051822662353515625 0.052947998046875 0.0455780029296875 0.013851165771484375 0.015903472900390625 0.005046844482421875 -0.000972747802734375 0 0 0 0 0 0 0 0 0 0 0 0.003200531005859375 0.15651702880859375 0.57273483276367188 0.578857421875 0.051822662353515625 0.052947998046875 0.0455780029296875 0.013851165771484375 0.015903472900390625 0.005046844482421875 -0.000972747802734375 0 0 0 0 0 0 0 0 0 0 0 0.003200531005859375 0.15651702880859375 0.57273483276367188 0.578857421875 0.051822662353515625 0.052947998046875 0.0455780029296875 0.013851165771484375 0.015903472900390625 0.005046844482421875 -0.000972747802734375 0 0 0 0 0 0 0 0 0 0 0 0.003200531005859375 0.15651702880859375 0.57273483276367188 0.578857421875 0.051822662353515625 0.052947998046875 0.0455780029296875 0.013851165771484375 0.015903472900390625 0.005046844482421875 -0.000972747802734375 0 0 0 0 0 0 0 0 0 0 0 0.003200531005859375 0.15651702880859375 0.57273483276367188 0.578857421875 0.051822662353515625 0.052947998046875 0.0455780029296875 0.013851165771484375 0.015903472900390625 0.005046844482421875 -0.000972747802734375 0 0 0 0 0 0 0 0 0 0 0 0.003200531005859375 0.15651702880859375 0.57273483276367188 0.578857421875 0.051822662353515625 0.052947998046875 0.0455780029296875 0.013851165771484375 0.015903472900390625 0.005046844482421875 -0.000972747802734375 0 0 0 0 0 0 0 0 0 0 0 0.003200531005859375 0.15651702880859375 0.57273483276367188 0.578857421875 0.051822662353515625 0.052947998046875 0.0455780029296875 0.013851165771484375 0.015903472900390625 0.005046844482421875 -0.000972747802734375 0 0 0 0 0 0 0 0 0 0 0 0.003200531005859375 0.15651702880859375 0.57273483276367188 0.578857421875 0.051822662353515625 0.052947998046875 0.0455780029296875 0.013851165771484375 0.015903472900390625 0.005046844482421875 -0.000972747802734375 0 0 0 0 0 0 0 0 0 0 0 0.003200531005859375 0.15651702880859375 0.57273483276367188 0.578857421875 0.051822662353515625 0.052947998046875 0.0455780029296875 0.013851165771484375 0.015903472900390625 0.005046844482421875 -0.000972747802734375 0 0 0 0 0 0 0 0 0 0 0 0.003200531005859375 0.15651702880859375 0.57273483276367188 0.578857421875 0.051822662353515625 0.052947998046875 0.0455780029296875 0.013851165771484375 0.015903472900390625 0.005046844482421875 -0.000972747802734375 0 0 0 0 0 0 0 0 0 0 0 0.003200531005859375 0.15651702880859375 0.57273483276367188 0.578857421875 0.051822662353515625 0.052947998046875 0.0455780029296875 0.013851165771484375 0.015903472900390625 0.005046844482421875 -0.000972747802734375 0 0 0 0 0 0 0 0 0 0 0 0.003200531005859375 0.15651702880859375 0.57273483276367188 0.578857421875 0.051822662353515625 0.052947998046875 0.0455780029296875 0.013851165771484375 0.015903472900390625 0.005046844482421875 -0.000972747802734375 0 0 0 0 0 0 0 0 0 0 0 0.003200531005859375 0.15651702880859375 0.57273483276367188 0.578857421875 0.051822662353515625 0.052947998046875 0.0455780029296875 0.013851165771484375 0.015903472900390625 0.005046844482421875 -0.000972747802734375 0 0 0 0 0 0 0 0 0 0 0 0.003200531005859375 0.15651702880859375 0.57273483276367188 0.578857421875 0.051822662353515625 0.052947998046875 0.0455780029296875 0.013851165771484375 0.015903472900390625 0.005046844482421875 -0.000972747802734375 0 0 0 0 0 0 0 0 0 0 0 0.003200531005859375 0.15651702880859375 0.57273483276367188 0.578857421875 0.051822662353515625 0.052947998046875 0.0455780029296875 0.013851165771484375 0.015903472900390625 0.005046844482421875 -0.000972747802734375 0 0 0 0 0 0 0 0 0 0 0 0.003200531005859375 0.15651702880859375 0.57273483276367188 0.578857421875 0.051822662353515625 0.052947998046875 0.0455780029296875 0.013851165771484375 0.015903472900390625 0.005046844482421875 -0.000972747802734375 0 0 0 0 0 0 0 0 0 0 0 0.003200531005859375 0.15651702880859375 0.57273483276367188 0.578857421875 0.051822662353515625 0.052947998046875 0.0455780029296875 0.013851165771484375 0.015903472900390625 0.005046844482421875 -0.000972747802734375 0 0 0 0 0 0 0 0 0 0 0 0.003200531005859375 0.15651702880859375 0.57273483276367188 0.578857421875 0.051822662353515625 0.052947998046875 0.0455780029296875 0.013851165771484375 0.015903472900390625 0.005046844482421875 -0.000972747802734375 0 0 0 0 0 0 0 0 0 0 0
T3: 0.003200531005859375 0.003200531005859375 0.003200531005859375 0.003200531005859375 0.003200531005859375 0.003200531005859375 0.003200531005859375 0.003200531005859375 0.003200531005859375 0.003200531005859375 0.003200531005859375 0.003200531005859375 0.003200531005859375 0.003200531005859375 0.003200531005859375 0.003200531005859375 0.003200531005859375 0.003200531005859375 0.003200531005859375 0.003200531005859375 0.003200531005859375 0.003200531005859375 0.15651702880859375 0.15651702880859375 0.15651702880859375 0.15651702880859375 0.15651702880859375 0.15651702880859375 0.15651702880859375 0.15651702880859375 0.15651702880859375 0.15651702880859375 0.15651702880859375 0.15651702880859375 0.15651702880859375 0.15651702880859375 0.15651702880859375 0.15651702880859375 0.15651702880859375 0.15651702880859375 0.15651702880859375 0.15651702880859375 0.15651702880859375 0.15651702880859375 0.57273483276367188 0.57273483276367188 0.57273483276367188 0.57273483276367188 0.57273483276367188 0.57273483276367188 0.57273483276367188 0.57273483276367188 0.57273483276367188 0.57273483276367188 0.57273483276367188 0.57273483276367188 0.57273483276367188 0.57273483276367188 0.57273483276367188 0.57273483276367188 0.57273483276367188 0.57273483276367188 0.57273483276367188 0.57273483276367188 0.57273483276367188 0.57273483276367188 0.578857421875 0.578857421875 0.578857421875 0.578857421875 0.578857421875 0.578857421875 0.578857421875 0.578857421875 0.578857421875 0.578857421875 0.578857421875 0.578857421875 0.578857421875 0.578857421875 0.578857421875 0.578857421875 0.578857421875 0.578857421875 0.578857421875 0.578857421875 0.578857421875 0.578857421875 0.051822662353515625 0.051822662353515625 0.051822662353515625 0.051822662353515625 0.051822662353515625 0.051822662353515625 0.051822662353515625 0.051822662353515625 0.051822662353515625 0.051822662353515625 0.051822662353515625 0.051822662353515625 0.051822662353515625 0.051822662353515625 0.051822662353515625 0.051822662353515625 0.051822662353515625 0.051822662353515625 0.051822662353515625 0.051822662353515625 0.051822662353515625 0.051822662353515625 0.052947998046875 0.052947998046875 0.052947998046875 0.052947998046875 0.052947998046875 0.052947998046875 0.052947998046875 0.052947998046875 0.052947998046875 0.052947998046875 0.052947998046875 0.052947998046875 0.052947998046875 0.052947998046875 0.052947998046875 0.052947998046875 0.052947998046875 0.052947998046875 0.052947998046875 0.052947998046875 0.052947998046875 0.052947998046875 0.0455780029296875 0.0455780029296875 0.0455780029296875 0.0455780029296875 0.0455780029296875 0.0455780029296875 0.0455780029296875 0.0455780029296875 0.0455780029296875 0.0455780029296875 0.0455780029296875 0.0455780029296875 0.0455780029296875 0.0455780029296875 0.0455780029296875 0.0455780029296875 0.0455780029296875 0.0455780029296875 0.0455780029296875 0.0455780029296875 0.0455780029296875 0.0455780029296875 0.013851165771484375 0.013851165771484375 0.013851165771484375 0.013851165771484375 0.013851165771484375 0.013851165771484375 0.013851165771484375 0.013851165771484375 0.013851165771484375 0.013851165771484375 0.013851165771484375 0.013851165771484375 0.013851165771484375 0.013851165771484375 0.013851165771484375 0.013851165771484375 0.013851165771484375 0.013851165771484375 0.013851165771484375 0.013851165771484375 0.013851165771484375 0.013851165771484375 0.015903472900390625 0.015903472900390625 0.015903472900390625 0.015903472900390625 0.015903472900390625 0.015903472900390625 0.015903472900390625 0.015903472900390625 0.015903472900390625 0.015903472900390625 0.015903472900390625 0.015903472900390625 0.015903472900390625 0.015903472900390625 0.015903472900390625 0.015903472900390625 0.015903472900390625 0.015903472900390625 0.015903472900390625 0.015903472900390625 0.015903472900390625 0.015903472900390625 0.005046844482421875 0.005046844482421875 0.005046844482421875 0.005046844482421875 0.005046844482421875 0.005046844482421875 0.005046844482421875 0.005046844482421875 0.005046844482421875 0.005046844482421875 0.005046844482421875 0.005046844482421875 0.005046844482421875 0.005046844482421875 0.005046844482421875 0.005046844482421875 0.005046844482421875 0.005046844482421875 0.005046844482421875 0.005046844482421875 0.005046844482421875 0.005046844482421875 -0.000972747802734375 -0.000972747802734375 -0.000972747802734375 -0.000972747802734375 -0.000972747802734375 -0.000972747802734375 -0.000972747802734375 -0.000972747802734375 -0.000972747802734375 -0.000972747802734375 -0.000972747802734375 -0.000972747802734375 -0.000972747802734375 -0.000972747802734375 -0.000972747802734375 -0.000972747802734375 -0.000972747802734375 -0.000972747802734375 -0.000972747802734375 -0.000972747802734375 -0.000972747802734375 -0.000972747802734375 0 0 0 0 0 0 0 0 0 0 0 0 0 0 0 0 0 0 0 0 0 0 0 0 0 0 0 0 0 0 0 0 0 0 0 0 0 0 0 0 0 0 0 0 0 0 0 0 0 0 0 0 0 0 0 0 0 0 0 0 0 0 0 0 0 0 0 0 0 0 0 0 0 0 0 0 0 0 0 0 0 0 0 0 0 0 0 0 0 0 0 0 0 0 0 0 0 0 0 0 0 0 0 0 0 0 0 0 0 0 0 0 0 0 0 0 0 0 0 0 0 0 0 0 0 0 0 0 0 0 0 0 0 0 0 0 0 0 0 0 0 0 0 0 0 0 0 0 0 0 0 0 0 0 0 0 0 0 0 0 0 0 0 0 0 0 0 0 0 0 0 0 0 0 0 0 0 0 0 0 0 0 0 0 0 0 0 0 0 0 0 0 0 0 0 0 0 0 0 0 0 0 0 0 0 0 0 0 0 0 0 0 0 0 0 0 0 0 0 0 0 0 0 0 0 0 0 0 0 0 0 0 0 0 0 0 0 0 0 0 0 0
T4: 0.030521392822265625 0.030521392822265625 0.030521392822265625 0.030521392822265625 0.030521392822265625 0.030521392822265625 0.030521392822265625 0.030521392822265625 0.030521392822265625 0.030521392822265625 0.030521392822265625 0 0 0 0 0 0 0 0 0 0 0 0.030521392822265625 0.030521392822265625 0.030521392822265625 0.030521392822265625 0.030521392822265625 0.030521392822265625 0.030521392822265625 0.030521392822265625 0.030521392822265625 0.030521392822265625 0.030521392822265625 0 0 0 0 0 0 0 0 0 0 0 0.030521392822265625 0.030521392822265625 0.030521392822265625 0.030521392822265625 0.030521392822265625 0.030521392822265625 0.030521392822265625 0.030521392822265625 0.030521392822265625 0.030521392822265625 0.030521392822265625 0 0 0 0 0 0 0 0 0 0 0 0.030521392822265625 0.030521392822265625 0.030521392822265625 0.030521392822265625 0.030521392822265625 0.030521392822265625 0.030521392822265625 0.030521392822265625 0.030521392822265625 0.030521392822265625 0.030521392822265625 0 0 0 0 0 0 0 0 0 0 0 0.030521392822265625 0.030521392822265625 0.030521392822265625 0.030521392822265625 0.030521392822265625 0.030521392822265625 0.030521392822265625 0.030521392822265625 0.030521392822265625 0.030521392822265625 0.030521392822265625 0 0 0 0 0 0 0 0 0 0 0 0.030521392822265625 0.030521392822265625 0.030521392822265625 0.030521392822265625 0.030521392822265625 0.030521392822265625 0.030521392822265625 0.030521392822265625 0.030521392822265625 0.030521392822265625 0.030521392822265625 0 0 0 0 0 0 0 0 0 0 0 0.030521392822265625 0.030521392822265625 0.030521392822265625 0.030521392822265625 0.030521392822265625 0.030521392822265625 0.030521392822265625 0.030521392822265625 0.030521392822265625 0.030521392822265625 0.030521392822265625 0 0 0 0 0 0 0 0 0 0 0 0.030521392822265625 0.030521392822265625 0.030521392822265625 0.030521392822265625 0.030521392822265625 0.030521392822265625 0.030521392822265625 0.030521392822265625 0.030521392822265625 0.030521392822265625 0.030521392822265625 0 0 0 0 0 0 0 0 0 0 0 0.030521392822265625 0.030521392822265625 0.030521392822265625 0.030521392822265625 0.030521392822265625 0.030521392822265625 0.030521392822265625 0.030521392822265625 0.030521392822265625 0.030521392822265625 0.030521392822265625 0 0 0 0 0 0 0 0 0 0 0 0.030521392822265625 0.030521392822265625 0.030521392822265625 0.030521392822265625 0.030521392822265625 0.030521392822265625 0.030521392822265625 0.030521392822265625 0.030521392822265625 0.030521392822265625 0.030521392822265625 0 0 0 0 0 0 0 0 0 0 0 0.030521392822265625 0.030521392822265625 0.030521392822265625 0.030521392822265625 0.030521392822265625 0.030521392822265625 0.030521392822265625 0.030521392822265625 0.030521392822265625 0.030521392822265625 0.030521392822265625 0 0 0 0 0 0 0 0 0 0 0 0 0 0 0 0 0 0 0 0 0 0 0 0 0 0 0 0 0 0 0 0 0 0 0 0 0 0 0 0 0 0 0 0 0 0 0 0 0 0 0 0 0 0 0 0 0 0 0 0 0 0 0 0 0 0 0 0 0 0 0 0 0 0 0 0 0 0 0 0 0 0 0 0 0 0 0 0 0 0 0 0 0 0 0 0 0 0 0 0 0 0 0 0 0 0 0 0 0 0 0 0 0 0 0 0 0 0 0 0 0 0 0 0 0 0 0 0 0 0 0 0 0 0 0 0 0 0 0 0 0 0 0 0 0 0 0 0 0 0 0 0 0 0 0 0 0 0 0 0 0 0 0 0 0 0 0 0 0 0 0 0 0 0 0 0 0 0 0 0 0 0 0 0 0 0 0 0 0 0 0 0 0 0 0 0 0 0 0 0 0 0 0 0 0 0 0 0 0 0 0 0 0 0 0 0 0 0 0 0 0 0 0 0 0 0 0 0 0 0 0 0 0 0 0 0 0 0 0 0 0 0 0 0 0 0 0 0 0 0 0 0 0
T5: 0.030521392822265625 0 0 0 0 0 0 0 0 0 0 0 0 0 0 0 0 0 0 0 0 0 0 0.030521392822265625 0 0 0 0 0 0 0 0 0 0 0 0 0 0 0 0 0 0 0 0 0 0 0.030521392822265625 0 0 0 0 0 0 0 0 0 0 0 0 0 0 0 0 0 0 0 0 0 0 0.030521392822265625 0 0 0 0 0 0 0 0 0 0 0 0 0 0 0 0 0 0 0 0 0 0 0.030521392822265625 0 0 0 0 0 0 0 0 0 0 0 0 0 0 0 0 0 0 0 0 0 0 0.030521392822265625 0 0 0 0 0 0 0 0 0 0 0 0 0 0 0 0 0 0 0 0 0 0 0.030521392822265625 0 0 0 0 0 0 0 0 0 0 0 0 0 0 0 0 0 0 0 0 0 0 0.030521392822265625 0 0 0 0 0 0 0 0 0 0 0 0 0 0 0 0 0 0 0 0 0 0 0.030521392822265625 0 0 0 0 0 0 0 0 0 0 0 0 0 0 0 0 0 0 0 0 0 0 0.030521392822265625 0 0 0 0 0 0 0 0 0 0 0 0 0 0 0 0 0 0 0 0 0 0 0.030521392822265625 0 0 0 0 0 0 0 0 0 0 0 0 0 0 0 0 0 0 0 0 0 0 0 0 0 0 0 0 0 0 0 0 0 0 0 0 0 0 0 0 0 0 0 0 0 0 0 0 0 0 0 0 0 0 0 0 0 0 0 0 0 0 0 0 0 0 0 0 0 0 0 0 0 0 0 0 0 0 0 0 0 0 0 0 0 0 0 0 0 0 0 0 0 0 0 0 0 0 0 0 0 0 0 0 0 0 0 0 0 0 0 0 0 0 0 0 0 0 0 0 0 0 0 0 0 0 0 0 0 0 0 0 0 0 0 0 0 0 0 0 0 0 0 0 0 0 0 0 0 0 0 0 0 0 0 0 0 0 0 0 0 0 0 0 0 0 0 0 0 0 0 0 0 0 0 0 0 0 0 0 0 0 0 0 0 0 0 0 0 0 0 0 0 0 0 0 0 0 0 0 0 0 0 0 0 0 0 0 0 0 0 0 0 0 0 0 0 0 0 0 0 0 0 0 0 0 0 0 0 0 0 0 0 0 0 0 0 0 0 0 0 0 0 0 0 0 0 0 0 0 0 0 0
Tp: 0 0 0.023199319839477539 0.10921907424926758 0 0.06070709228515625 0.0062868595123291016 0.058716297149658203 0.018381357192993164 0.12202358245849609 0.018584966659545898 0.12188100814819336 0.018941402435302734 0.12276053428649902 0.01819610595703125 0.1266181468963623 0.019747734069824219 0.12632083892822266 0.019885778427124023 0.12762856483459473 0.019909381866455078 0.12835526466369629 0.00013422966003417969 0 0.00013422966003417969 0 0.00013422966003417969 0 0.00013422966003417969 0 0.00013422966003417969 0 0.00013422966003417969 0 0.00013422966003417969 0 0.00013422966003417969 0 0.00013422966003417969 0 0.00013422966003417969 0 0.00013422966003417969 0 0.022762060165405273 0.095177888870239258 0 0 0 0.083712100982666016 0 0.086958408355712891 0 0.095691680908203125 0 0.095528602600097656 0 0.094714879989624023 0 0.096472740173339844 0 0.094708681106567383 0.019882917404174805 0.095046043395996094 0.022726297378540039 0.09568333625793457 0.0065639019012451172 0 0.0065639019012451172 0 0.0065639019012451172 0 0.0065639019012451172 0 0.0065639019012451172 0 0.0065639019012451172 0 0.0065639019012451172 0 0.0065639019012451172 0 0.0065639019012451172 0 0.0065639019012451172 0 0.0065639019012451172 0 0 0.0085482597351074219 0 0.045594215393066406 0.029612302780151367 0 0 0.32485508918762207 0 0.035388469696044922 0 0.016163825988769531 0 0.011880397796630859 0 0.0072107315063476562 0 0.0075304508209228516 0.015272140502929688 0.0067379474639892578 0.035695075988769531 0.0068185329437255859 0.024018764495849609 0 0.024018764495849609 0 0.024018764495849609 0 0.024018764495849609 0 0.024018764495849609 0 0.024018764495849609 0 0.024018764495849609 0 0.024018764495849609 0 0.024018764495849609 0 0.024018764495849609 0 0.024018764495849609 0 0.0046455860137939453 0.0059964656829833984 0 0.048279523849487305 0 0.3242943286895752 0 0 0.031457424163818359 0 0 0.022554397583007812 0 0.023767948150634766 0 0.01081395149230957 0 0.013492584228515625 0 0.0086531639099121094 0.039575815200805664 0.0053944587707519531 0.024275541305541992 0 0.024275541305541992 0 0.024275541305541992 0 0.024275541305541992 0 0.024275541305541992 0 0.024275541305541992 0 0.024275541305541992 0 0.024275541305541992 0 0.024275541305541992 0 0.024275541305541992 0 0.024275541305541992 0 0.018242597579956055 0.11757063865661621 0 0.10527968406677246 0 0.083094596862792969 0.032960176467895508 0.047538280487060547 0 0 0 0.11326861381530762 0 0.11428189277648926 0.0039997100830078125 0.11673450469970703 0 0.11680316925048828 0.0099310874938964844 0.11761069297790527 0.021728515625 0.11796450614929199 0.0021731853485107422 0 0.0021731853485107422 0 0.0021731853485107422 0 0.0021731853485107422 0 0.0021731853485107422 0 0.0021731853485107422 0 0.0021731853485107422 0 0.0021731853485107422 0 0.0021731853485107422 0 0.0021731853485107422 0 0.0021731853485107422 0 0.018443107604980469 0.1173250675201416 0 0.10501360893249512 0 0.063766956329345703 0 0.070718288421630859 0 0.11316561698913574 0 0 0.022356510162353516 0.11208009719848633 0.014218568801879883 0.11617183685302734 0.018541097640991211 0.11578679084777832 0.0172882080078125 0.11713862419128418 0.021686792373657227 0.11772680282592773 0.0022203922271728516 0 0.0022203922271728516 0 0.0022203922271728516 0 0.0022203922271728516 0 0.0022203922271728516 0 0.0022203922271728516 0 0.0022203922271728516 0 0.0022203922271728516 0 0.0022203922271728516 0 0.0022203922271728516 0 0.0022203922271728516 0 0.018820762634277344 0.11887931823730469 0 0.10487484931945801 0 0.060158491134643555 0 0.072606563568115234 0 0.11485385894775391 0.022377490997314453 0.11275506019592285 0 0 0.01412510871887207 0.11774110794067383 0.021078348159790039 0.11727285385131836 0.019132137298583984 0.11864638328552246 0.021300077438354492 0.11930513381958008 0.0019114017486572266 0 0.0019114017486572266 0 0.0019114017486572266 0 0.0019114017486572266 0 0.0019114017486572266 0 0.0019114017486572266 0 0.0019114017486572266 0 0.0019114017486572266 0 0.0019114017486572266 0 0.0019114017486572266 0 0.0019114017486572266 0 0.01816558837890625 0.12564277648925781 0 0.10953831672668457 0 0.058394432067871094 0 0.062558412551879883 0.0041079521179199219 0.12021207809448242 0.014330148696899414 0.11975240707397461 0.014215469360351562 0.12064671516418457 0 0 0.016906023025512695 0.12414741516113281 0.018403768539428711 0.1254119873046875 0.020391702651977539 0.12607645988464355 0.00058078765869140625 0 0.00058078765869140625 0 0.00058078765869140625 0 0.00058078765869140625 0 0.00058078765869140625 0 0.00058078765869140625 0 0.00058078765869140625 0 0.00058078765869140625 0 0.00058078765869140625 0 0.00058078765869140625 0 0.00058078765869140625 0 0.019711494445800781 0.12515759468078613 0 0.10758638381958008 0 0.058526277542114258 0 0.065048933029174805 0 0.12009263038635254 0.018646717071533203 0.11917948722839355 0.021162986755371094 0.11999034881591797 0.016900062561035156 0.12395954132080078 0 0 0.020409584045410156 0.12491226196289062 0.020264387130737305 0.12564444541931152 0.00066685676574707031 0 0.00066685676574707031 0 0.00066685676574707031 0 0.00066685676574707031 0 0.00066685676574707031 0 0.00066685676574707031 0 0.00066685676574707031 0 0.00066685676574707031 0 0.00066685676574707031 0 0.00066685676574707031 0 0.00066685676574707031 0 0.019880533218383789 0.12745952606201172 0.020314931869506836 0.1089179515838623 0.016890764236450195 0.05872797966003418 0 0.061203718185424805 0.010064363479614258 0.12189459800720215 0.017424821853637695 0.12152552604675293 0.019247770309448242 0.12235832214355469 0.018429040908813477 0.12621831893920898 0.020440578460693359 0.12590670585632324 0 0 0.019935846328735352 0.12796211242675781 0.0002117156982421875 0 0.0002117156982421875 0 0.0002117156982421875 0 0.0002117156982421875 0 0.0002117156982421875 0 0.0002117156982421875 0 0.0002117156982421875 0 0.0002117156982421875 0 0.0002117156982421875 0 0.0002117156982421875 0 0.0002117156982421875 0 0.019921302795410156 0.12873744964599609 0.023175239562988281 0.1101067066192627 0.037330865859985352 0.05935978889465332 0.041229009628295898 0.058496475219726562 0.021879196166992188 0.12279963493347168 0.021840572357177734 0.1226649284362793 0.021432876586914062 0.12356853485107422 0.020433902740478516 0.12743425369262695 0.02031254768371582 0.12718987464904785 0.019953012466430664 0.12851333618164062 0 0 0 0.0002079010009765625 0 0.0002079010009765625 0 0.0002079010009765625 0 0.0002079010009765625 0 0.0002079010009765625 0 0.0002079010009765625 0 0.0002079010009765625 0 0.0002079010009765625 0 0.0002079010009765625 0 0.0002079010009765625 0 0.0002079010009765625 0.00014328956604003906 0 0.0070102214813232422 0 0.025651693344116211 0 0.025925874710083008 0 0.0023210048675537109 0 0.0023715496063232422 0 0.0020413398742675781 0 0.00062036514282226562 0 0.00071239471435546875 0 0.00022602081298828125 0 0 0.00011897087097167969 0 0 0 0 0 0 0 0 0 0 0 0 0 0 0 0 0 0 0 0 0 0 0.00014328956604003906 0 0.0070102214813232422 0 0.025651693344116211 0 0.025925874710083008 0 0.0023210048675537109 0 0.0023715496063232422 0 0.0020413398742675781 0 0.00062036514282226562 0 0.00071239471435546875 0 0.00022602081298828125 0 0 0.00011897087097167969 0 0 0 0 0 0 0 0 0 0 0 0 0 0 0 0 0 0 0 0 0 0 0.00014328956604003906 0 0.0070102214813232422 0 0.025651693344116211 0 0.025925874710083008 0 0.0023210048675537109 0 0.0023715496063232422 0 0.0020413398742675781 0 0.00062036514282226562 0 0.00071239471435546875 0 0.00022602081298828125 0 0 0.00011897087097167969 0 0 0 0 0 0 0 0 0 0 0 0 0 0 0 0 0 0 0 0 0 0 0.00014328956604003906 0 0.0070102214813232422 0 0.025651693344116211 0 0.025925874710083008 0 0.0023210048675537109 0 0.0023715496063232422 0 0.0020413398742675781 0 0.00062036514282226562 0 0.00071239471435546875 0 0.00022602081298828125 0 0 0.00011897087097167969 0 0 0 0 0 0 0 0 0 0 0 0 0 0 0 0 0 0 0 0 0 0 0.00014328956604003906 0 0.0070102214813232422 0 0.025651693344116211 0 0.025925874710083008 0 0.0023210048675537109 0 0.0023715496063232422 0 0.0020413398742675781 0 0.00062036514282226562 0 0.00071239471435546875 0 0.00022602081298828125 0 0 0.00011897087097167969 0 0 0 0 0 0 0 0 0 0 0 0 0 0 0 0 0 0 0 0 0 0 0.00014328956604003906 0 0.0070102214813232422 0 0.025651693344116211 0 0.025925874710083008 0 0.0023210048675537109 0 0.0023715496063232422 0 0.0020413398742675781 0 0.00062036514282226562 0 0.00071239471435546875 0 0.00022602081298828125 0 0 0.00011897087097167969 0 0 0 0 0 0 0 0 0 0 0 0 0 0 0 0 0 0 0 0 0 0 0.00014328956604003906 0 0.0070102214813232422 0 0.025651693344116211 0 0.025925874710083008 0 0.0023210048675537109 0 0.0023715496063232422 0 0.0020413398742675781 0 0.00062036514282226562 0 0.00071239471435546875 0 0.00022602081298828125 0 0 0.00011897087097167969 0 0 0 0 0 0 0 0 0 0 0 0 0 0 0 0 0 0 0 0 0 0 0.00014328956604003906 0 0.0070102214813232422 0 0.025651693344116211 0 0.025925874710083008 0 0.0023210048675537109 0 0.0023715496063232422 0 0.0020413398742675781 0 0.00062036514282226562 0 0.00071239471435546875 0 0.00022602081298828125 0 0 0.00011897087097167969 0 0 0 0 0 0 0 0 0 0 0 0 0 0 0 0 0 0 0 0 0 0 0.00014328956604003906 0 0.0070102214813232422 0 0.025651693344116211 0 0.025925874710083008 0 0.0023210048675537109 0 0.0023715496063232422 0 0.0020413398742675781 0 0.00062036514282226562 0 0.00071239471435546875 0 0.00022602081298828125 0 0 0.00011897087097167969 0 0 0 0 0 0 0 0 0 0 0 0 0 0 0 0 0 0 0 0 0 0 0.00014328956604003906 0 0.0070102214813232422 0 0.025651693344116211 0 0.025925874710083008 0 0.0023210048675537109 0 0.0023715496063232422 0 0.0020413398742675781 0 0.00062036514282226562 0 0.00071239471435546875 0 0.00022602081298828125 0 0 0.00011897087097167969 0 0 0 0 0 0 0 0 0 0 0 0 0 0 0 0 0 0 0 0 0 0 0.00014328956604003906 0 0.0070102214813232422 0 0.025651693344116211 0 0.025925874710083008 0 0.0023210048675537109 0 0.0023715496063232422 0 0.0020413398742675781 0 0.00062036514282226562 0 0.00071239471435546875 0 0.00022602081298828125 0 0 0.00011897087097167969 0 0 0 0 0 0 0 0 0 0 0 0 0 0 0 0 0 0 0 0 0 0
Tr: -1 -1 0.76396346092224121 0.3464210033416748 -1 -1 -1 -1 0.13670754432678223 0.76166665554046631 0.16321563720703125 0.75704300403594971 0.20962047576904297 0.78556573390960693 0.11258947849273682 0.91066670417785645 0.31459760665893555 0.90102517604827881 0.33256983757019043 0.94343423843383789 0.33564281463623047 0.96700084209442139 0 0 0 0 0 0 0 0 0 0 0 0 0 0 0 0 0 0 0 0 0 0 0.70703613758087158 -0.10892963409423828 -1 -1 -1 -0.48076117038726807 -1 -0.37548446655273438 -1 -0.092267632484436035 -1 -0.097556114196777344 -1 -0.12394487857818604 -1 -0.066938161849975586 -1 -0.12414586544036865 0.33219730854034424 -0.1132054328918457 0.70238006114959717 -0.092538237571716309 0 0 0 0 0 0 0 0 0 0 0 0 0 0 0 0 0 0 0 0 0 0 -1 -1 -1 -1 0.99999988079071045 -1 -1 0.99999988079071045 -1 -1 -1 -1 -1 -1 -1 -1 -1 -1 -0.26808476448059082 -1 0.99999988079071045 -1 0 0 0 0 0 0 0 0 0 0 0 0 0 0 0 0 0 0 0 0 0 0 -1 -1 -1 -1 -1 0.99999988079071045 -1 -1 0.99999988079071045 -1 -1 -1 -1 -1 -1 -1 -1 -1 -1 -1 0.99999988079071045 -1 0 0 0 0 0 0 0 0 0 0 0 0 0 0 0 0 0 0 0 0 0 0 0.11864233016967773 0.61725926399230957 -1 0.21866798400878906 -1 -0.50078654289245605 0.99999988079071045 -1 -1 -1 -1 0.47774612903594971 -1 0.51060640811920166 -1 0.59014368057250977 -1 0.59237051010131836 -0.96344232559204102 0.61855816841125488 0.57247781753540039 0.63003230094909668 0 0 0 0 0 0 0 0 0 0 0 0 0 0 0 0 0 0 0 0 0 0 0.14474689960479736 0.60929548740386963 -1 0.21003925800323486 -1 -1 -1 -0.9021458625793457 -1 0.47440600395202637 -1 -1 0.65423703193664551 0.43920290470123291 -0.4052504301071167 0.57189667224884033 0.15750432014465332 0.5594097375869751 -0.0056107044219970703 0.603249192237854 0.56704580783843994 0.62232363224029541 0 0 0 0 0 0 0 0 0 0 0 0 0 0 0 0 0 0 0 0 0 0 0.19391417503356934 0.65969932079315186 -1 0.20553934574127197 -1 -1 -1 -0.84090971946716309 -1 0.52915501594543457 0.65696859359741211 0.46109175682067871 -1 -1 -0.41741812229156494 0.6227874755859375 0.487831711769104 0.60760223865509033 0.23445248603820801 0.65214526653289795 0.51669895648956299 0.67350828647613525 0 0 0 0 0 0 0 0 0 0 0 0 0 0 0 0 0 0 0 0 0 0 0.10861635208129883 0.8790358304977417 -1 0.35677385330200195 -1 -1 -1 -1 -1 0.70292019844055176 -0.39072370529174805 0.68801319599151611 -0.40565395355224609 0.71701538562774658 -1 -1 -0.055367827415466309 0.83054184913635254 0.13962531089782715 0.87155139446258545 0.39843666553497314 0.89310002326965332 0 0 0 0 0 0 0 0 0 0 0 0 0 0 0 0 0 0 0 0 0 0 0.30987954139709473 0.86330151557922363 -1 0.29347336292266846 -1 -1 -1 -1 -1 0.69904661178588867 0.17125499248504639 0.66943359375 0.49885094165802002 0.69572961330413818 -0.056143879890441895 0.82444906234741211 -1 -1 0.4007645845413208 0.85534548759460449 0.38186132907867432 0.87908995151519775 0 0 0 0 0 0 0 0 0 0 0 0 0 0 0 0 0 0 0 0 0 0 0.331886887550354 0.93795239925384521 0.38844180107116699 0.33665573596954346 -0.057354450225830078 -1 -1 -1 -0.94609105587005615 0.75748372077941895 0.012175202369689941 0.74551486968994141 0.24950683116912842 0.77252209186553955 0.14291548728942871 0.89770042896270752 0.40479981899261475 0.88759493827819824 -1 -1 0.33908820152282715 0.95425105094909668 0 0 0 0 0 0 0 0 0 0 0 0 0 0 0 0 0 0 0 0 0 0 0.33719480037689209 0.97939503192901611 0.76082837581634521 0.3752065896987915 0.99999988079071045 -1 0.99999988079071045 -1 0.5920950174331665 0.78683376312255859 0.58706653118133545 0.78246521949768066 0.53398823738098145 0.81176888942718506 0.4039306640625 0.93713283538818359 0.38813138008117676 0.92920768260955811 0.34132301807403564 0.97212707996368408 -1 -1 0 0 0 0 0 0 0 0 0 0 0 0 0 0 0 0 0 0 0 0 0 0 0 0 0 0 0 0 0 0 0 0 0 0 0 0 0 0 0 0 0 0 0 0 0 0 0 0 0 0 0 0 0 0 0 0 0 0 0 0 0 0 0 0 0 0 0 0 0 0 0 0 0 0 0 0 0 0 0 0 0 0 0 0 0 0 0 0 0 0 0 0 0 0 0 0 0 0 0 0 0 0 0 0 0 0 0 0 0 0 0 0 0 0 0 0 0 0 0 0 0 0 0 0 0 0 0 0 0 0 0 0 0 0 0 0 0 0 0 0 0 0 0 0 0 0 0 0 0 0 0 0 0 0 0 0 0 0 0 0 0 0 0 0 0 0 0 0 0 0 0 0 0 0 0 0 0 0 0 0 0 0 0 0 0 0 0 0 0 0 0 0 0 0 0 0 0 0 0 0 0 0 0 0 0 0 0 0 0 0 0 0 0 0 0 0 0 0 0 0 0 0 0 0 0 0 0 0 0 0 0 0 0 0 0 0 0 0 0 0 0 0 0 0 0 0 0 0 0 0 0 0 0 0 0 0 0 0 0 0 0 0 0 0 0 0 0 0 0 0 0 0 0 0 0 0 0 0 0 0 0 0 0 0 0 0 0 0 0 0 0 0 0 0 0 0 0 0 0 0 0 0 0 0 0 0 0 0 0 0 0 0 0 0 0 0 0 0 0 0 0 0 0 0 0 0 0 0 0 0 0 0 0 0 0 0 0 0 0 0 0 0 0 0 0 0 0 0 0 0 0 0 0 0 0 0 0 0 0 0 0 0 0 0 0 0 0 0 0 0 0 0 0 0 0 0 0 0 0 0 0 0 0 0 0 0 0 0 0 0 0 0 0 0 0 0 0 0 0 0 0 0 0 0 0 0 0 0 0 0 0 0 0 0 0 0 0 0 0 0 0 0 0 0 0 0 0 0 0 0 0 0 0 0 0 0 0 0 0 0 0 0 0 0 0 0 0 0 0 0 0 0 0 0 0 0 0 0 0 0 0 0 0 0 0 0 0 0 0 0 0 0 0 0 0 0 0 0 0 0 0 0 0 0 0 0 0 0 0 0 0 0 0 0 0 0 0 0 0 0 0 0 0 0 0 0
R: -0.015965580940246582 -0.18367350101470947 -8.6426734924316406e-05 -0.22448980808258057
Rp: 0.51952239791489774
