dots: 0 0 248 248 32 32 16 16 8 8 8 0 0 0 0 0 0 0 0 0 0 0 0 0 112 64 8 8 0 0 0 0 0 0 0 0 0 0 0 0 0 0 0 0 248 112 48 112 24 56 48 0 40 24 168 24 16 0 0 0 0 0 0 0 0 0 248 64 112 -40 8 40 8 -8 24 8 88 16 8 0 0 0 0 0 0 0 0 0 32 8 24 8 0 8 0 0 0 0 8 0 0 0 0 0 0 0 0 0 0 0 32 8 56 40 8 8 8 0 8 0 16 0 0 0 0 0 0 0 0 0 0 0 16 0 48 8 0 8 0 0 0 0 0 0 0 0 0 0 0 0 0 0 0 0 16 0 0 -8 0 0 0 0 0 0 0 0 0 0 0 0 0 0 0 0 0 0 8 0 40 24 0 8 0 0 0 0 0 0 0 0 0 0 0 0 0 0 0 0 8 0 24 8 0 0 0 0 0 0 0 0 0 0 0 0 0 0 0 0 0 0 8 0 168 88 8 16 0 0 0 0 0 0 0 0 0 0 0 0 0 0 0 0 0 0 24 16 0 0 0 0 0 0 0 0 0 0 0 0 0 0 0 0 0 0 0 0 16 8 0 0 0 0 0 0 0 0 0 0 0 0 0 0 0 0 0 0 0 0 0 0 0 0 0 0 0 0 0 0 0 0 0 0 0 0 0 0 0 0 0 0 0 0 0 0 0 0 0 0 0 0 0 0 0 0 0 0 0 0 0 0 0 0 0 0 0 0 0 0 0 0 0 0 0 0 0 0 0 0 0 0 0 0 0 0 0 0 0 0 0 0 0 0 0 0 0 0 0 0 0 0 0 0 0 0 0 0 0 0 0 0 0 0 0 0 0 0 0 0 0 0 0 0 0 0 0 0 0 0 0 0 0 0 0 0 0 0 0 0 0 0 0 0 0 0 0 0 0 0 0 0 0 0 0 0 0 0 0 0 0 0 0 0 0 0 0 0 0 0 0 0 0 0 0 0 0 0 0 0 0 0 0 0 0 0 0 0 0 0 0 0 0 0 0 0 0 0 0 0 0 0 0 0 0 0 0 0 0 0 0 0 0 0 0 0
batch1: -1.1875 -1.1875 13.921875 13.921875 0.765625 0.765625 -0.21875 -0.21875 -0.703125 -0.703125 -0.703125 -1.1875 -1.1875 0 0 0 0 0 0 0 0 0 -1.1875 -1.1875 5.625 2.703125 -0.703125 -0.703125 -1.1875 -1.1875 -1.1875 -1.1875 -1.1875 -1.1875 -1.1875 0 0 0 0 0 0 0 0 0 13.921875 5.625 1.734375 5.625 0.265625 2.21875 1.734375 -1.1875 1.25 0.265625 9.046875 0.265625 -0.21875 0 0 0 0 0 0 0 0 0 13.921875 2.703125 5.625 -3.625 -0.703125 1.25 -0.703125 -1.671875 0.265625 -0.703125 4.171875 -0.21875 -0.703125 0 0 0 0 0 0 0 0 0 0.765625 -0.703125 0.265625 -0.703125 -1.1875 -0.703125 -1.1875 -1.1875 -1.1875 -1.1875 -0.703125 -1.1875 -1.1875 0 0 0 0 0 0 0 0 0 0.765625 -0.703125 2.21875 1.25 -0.703125 -0.703125 -0.703125 -1.1875 -0.703125 -1.1875 -0.21875 -1.1875 -1.1875 0 0 0 0 0 0 0 0 0 -0.21875 -1.1875 1.734375 -0.703125 -1.1875 -0.703125 -1.1875 -1.1875 -1.1875 -1.1875 -1.1875 -1.1875 -1.1875 0 0 0 0 0 0 0 0 0 -0.21875 -1.1875 -1.1875 -1.671875 -1.1875 -1.1875 -1.1875 -1.1875 -1.1875 -1.1875 -1.1875 -1.1875 -1.1875 0 0 0 0 0 0 0 0 0 -0.703125 -1.1875 1.25 0.265625 -1.1875 -0.703125 -1.1875 -1.1875 -1.1875 -1.1875 -1.1875 -1.1875 -1.1875 0 0 0 0 0 0 0 0 0 -0.703125 -1.1875 0.265625 -0.703125 -1.1875 -1.1875 -1.1875 -1.1875 -1.1875 -1.1875 -1.1875 -1.1875 -1.1875 0 0 0 0 0 0 0 0 0 -0.703125 -1.1875 9.046875 4.171875 -0.703125 -0.21875 -1.1875 -1.1875 -1.1875 -1.1875 -1.1875 -1.1875 -1.1875 0 0 0 0 0 0 0 0 0 -1.1875 -1.1875 0.265625 -0.21875 -1.1875 -1.1875 -1.1875 -1.1875 -1.1875 -1.1875 -1.1875 -1.1875 -1.1875 0 0 0 0 0 0 0 0 0 -1.1875 -1.1875 -0.21875 -0.703125 -1.1875 -1.1875 -1.1875 -1.1875 -1.1875 -1.1875 -1.1875 -1.1875 -1.1875 0 0 0 0 0 0 0 0 0 0 0 0 0 0 0 0 0 0 0 0 0 0 0 0 0 0 0 0 0 0 0 0 0 0 0 0 0 0 0 0 0 0 0 0 0 0 0 0 0 0 0 0 0 0 0 0 0 0 0 0 0 0 0 0 0 0 0 0 0 0 0 0 0 0 0 0 0 0 0 0 0 0 0 0 0 0 0 0 0 0 0 0 0 0 0 0 0 0 0 0 0 0 0 0 0 0 0 0 0 0 0 0 0 0 0 0 0 0 0 0 0 0 0 0 0 0 0 0 0 0 0 0 0 0 0 0 0 0 0 0 0 0 0 0 0 0 0 0 0 0 0 0 0 0 0 0 0 0 0 0 0 0 0 0 0 0 0 0 0 0 0 0 0 0 0 0 0 0 0 0 0 0 0 0 0 0 0 0 0 0 0 0 0 0 0 0 0 0 0 0 0 0 0 0 0 0 0
jmass: 0
jdotp: 0.5 -0.125 0.875 0.375 -0.25 -0.125 -0.25 -0.25 -0.25 -0.25 0 -0.25 -0.25 0 0 0 0 0 0 0 0 0
T0: -1.25 -1.25 3.875 3.875 0.75 0.75 -0.25 -0.25 -0.75 -0.75 -0.75 -1.25 -1.25 0 0 0 0 0 0 0 0 0 -1.25 -1.25 3.875 2.75 -0.75 -0.75 -1.25 -1.25 -1.25 -1.25 -1.25 -1.25 -1.25 0 0 0 0 0 0 0 0 0 3.875 3.875 1.75 3.875 0.25 2.25 1.75 -1.25 1.25 0.25 3.875 0.25 -0.25 0 0 0 0 0 0 0 0 0 3.875 2.75 3.875 -3.625 -0.75 1.25 -0.75 -1.625 0.25 -0.75 3.875 -0.25 -0.75 0 0 0 0 0 0 0 0 0 0.75 -0.75 0.25 -0.75 -1.25 -0.75 -1.25 -1.25 -1.25 -1.25 -0.75 -1.25 -1.25 0 0 0 0 0 0 0 0 0 0.75 -0.75 2.25 1.25 -0.75 -0.75 -0.75 -1.25 -0.75 -1.25 -0.25 -1.25 -1.25 0 0 0 0 0 0 0 0 0 -0.25 -1.25 1.75 -0.75 -1.25 -0.75 -1.25 -1.25 -1.25 -1.25 -1.25 -1.25 -1.25 0 0 0 0 0 0 0 0 0 -0.25 -1.25 -1.25 -1.625 -1.25 -1.25 -1.25 -1.25 -1.25 -1.25 -1.25 -1.25 -1.25 0 0 0 0 0 0 0 0 0 -0.75 -1.25 1.25 0.25 -1.25 -0.75 -1.25 -1.25 -1.25 -1.25 -1.25 -1.25 -1.25 0 0 0 0 0 0 0 0 0 -0.75 -1.25 0.25 -0.75 -1.25 -1.25 -1.25 -1.25 -1.25 -1.25 -1.25 -1.25 -1.25 0 0 0 0 0 0 0 0 0 -0.75 -1.25 3.875 3.875 -0.75 -0.25 -1.25 -1.25 -1.25 -1.25 -1.25 -1.25 -1.25 0 0 0 0 0 0 0 0 0 -1.25 -1.25 0.25 -0.25 -1.25 -1.25 -1.25 -1.25 -1.25 -1.25 -1.25 -1.25 -1.25 0 0 0 0 0 0 0 0 0 -1.25 -1.25 -0.25 -0.75 -1.25 -1.25 -1.25 -1.25 -1.25 -1.25 -1.25 -1.25 -1.25 0 0 0 0 0 0 0 0 0 0 0 0 0 0 0 0 0 0 0 0 0 0 0 0 0 0 0 0 0 0 0 0 0 0 0 0 0 0 0 0 0 0 0 0 0 0 0 0 0 0 0 0 0 0 0 0 0 0 0 0 0 0 0 0 0 0 0 0 0 0 0 0 0 0 0 0 0 0 0 0 0 0 0 0 0 0 0 0 0 0 0 0 0 0 0 0 0 0 0 0 0 0 0 0 0 0 0 0 0 0 0 0 0 0 0 0 0 0 0 0 0 0 0 0 0 0 0 0 0 0 0 0 0 0 0 0 0 0 0 0 0 0 0 0 0 0 0 0 0 0 0 0 0 0 0 0 0 0 0 0 0 0 0 0 0 0 0 0 0 0 0 0 0 0 0 0 0 0 0 0 0 0 0 0 0 0 0 0 0 0 0 0 0 0 0 0 0 0 0 0 0 0 0 0 0 0 0
T1: 0.5 0 0 0 0 0 0 0 0 0 0 0 0 0 0 0 0 0 0 0 0 0 0 -0.125 0 0 0 0 0 0 0 0 0 0 0 0 0 0 0 0 0 0 0 0 0 0 0.875 0 0 0 0 0 0 0 0 0 0 0 0 0 0 0 0 0 0 0 0 0 0 0.375 0 0 0 0 0 0 0 0 0 0 0 0 0 0 0 0 0 0 0 0 0 0 -0.25 0 0 0 0 0 0 0 0 0 0 0 0 0 0 0 0 0 0 0 0 0 0 -0.125 0 0 0 0 0 0 0 0 0 0 0 0 0 0 0 0 0 0 0 0 0 0 -0.25 0 0 0 0 0 0 0 0 0 0 0 0 0 0 0 0 0 0 0 0 0 0 -0.25 0 0 0 0 0 0 0 0 0 0 0 0 0 0 0 0 0 0 0 0 0 0 -0.25 0 0 0 0 0 0 0 0 0 0 0 0 0 0 0 0 0 0 0 0 0 0 -0.25 0 0 0 0 0 0 0 0 0 0 0 0 0 0 0 0 0 0 0 0 0 0 0 0 0 0 0 0 0 0 0 0 0 0 0 0 0 0 0 0 0 0 0 0 0 -0.25 0 0 0 0 0 0 0 0 0 0 0 0 0 0 0 0 0 0 0 0 0 0 -0.25 0 0 0 0 0 0 0 0 0 0 0 0 0 0 0 0 0 0 0 0 0 0 0 0 0 0 0 0 0 0 0 0 0 0 0 0 0 0 0 0 0 0 0 0 0 0 0 0 0 0 0 0 0 0 0 0 0 0 0 0 0 0 0 0 0 0 0 0 0 0 0 0 0 0 0 0 0 0 0 0 0 0 0 0 0 0 0 0 0 0 0 0 0 0 0 0 0 0 0 0 0 0 0 0 0 0 0 0 0 0 0 0 0 0 0 0 0 0 0 0 0 0 0 0 0 0 0 0 0 0 0 0 0 0 0 0 0 0 0 0 0 0 0 0 0 0 0 0 0 0 0 0 0 0 0 0 0 0 0 0 0 0 0 0 0 0 0 0 0 0 0 0 0 0 0 0 0 0 0 0 0 0 0 0 0 0 0 0 0 0 0 0 0 0 0 0 0 0 0 0 0 0 0 0 0 0 0
T2: 0.5 -0.125 0.875 0.375 -0.25 -0.125 -0.25 -0.25 -0.25 -0.25 0 -0.25 -0.25 0 0 0 0 0 0 0 0 0 0.5 -0.125 0.875 0.375 -0.25 -0.125 -0.25 -0.25 -0.25 -0.25 0 -0.25 -0.25 0 0 0 0 0 0 0 0 0 0.5 -0.125 0.875 0.375 -0.25 -0.125 -0.25 -0.25 -0.25 -0.25 0 -0.25 -0.25 0 0 0 0 0 0 0 0 0 0.5 -0.125 0.875 0.375 -0.25 -0.125 -0.25 -0.25 -0.25 -0.25 0 -0.25 -0.25 0 0 0 0 0 0 0 0 0 0.5 -0.125 0.875 0.375 -0.25 -0.125 -0.25 -0.25 -0.25 -0.25 0 -0.25 -0.25 0 0 0 0 0 0 0 0 0 0.5 -0.125 0.875 0.375 -0.25 -0.125 -0.25 -0.25 -0.25 -0.25 0 -0.25 -0.25 0 0 0 0 0 0 0 0 0 0.5 -0.125 0.875 0.375 -0.25 -0.125 -0.25 -0.25 -0.25 -0.25 0 -0.25 -0.25 0 0 0 0 0 0 0 0 0 0.5 -0.125 0.875 0.375 -0.25 -0.125 -0.25 -0.25 -0.25 -0.25 0 -0.25 -0.25 0 0 0 0 0 0 0 0 0 0.5 -0.125 0.875 0.375 -0.25 -0.125 -0.25 -0.25 -0.25 -0.25 0 -0.25 -0.25 0 0 0 0 0 0 0 0 0 0.5 -0.125 0.875 0.375 -0.25 -0.125 -0.25 -0.25 -0.25 -0.25 0 -0.25 -0.25 0 0 0 0 0 0 0 0 0 0.5 -0.125 0.875 0.375 -0.25 -0.125 -0.25 -0.25 -0.25 -0.25 0 -0.25 -0.25 0 0 0 0 0 0 0 0 0 0.5 -0.125 0.875 0.375 -0.25 -0.125 -0.25 -0.25 -0.25 -0.25 0 -0.25 -0.25 0 0 0 0 0 0 0 0 0 0.5 -0.125 0.875 0.375 -0.25 -0.125 -0.25 -0.25 -0.25 -0.25 0 -0.25 -0.25 0 0 0 0 0 0 0 0 0 0.5 -0.125 0.875 0.375 -0.25 -0.125 -0.25 -0.25 -0.25 -0.25 0 -0.25 -0.25 0 0 0 0 0 0 0 0 0 0.5 -0.125 0.875 0.375 -0.25 -0.125 -0.25 -0.25 -0.25 -0.25 0 -0.25 -0.25 0 0 0 0 0 0 0 0 0 0.5 -0.125 0.875 0.375 -0.25 -0.125 -0.25 -0.25 -0.25 -0.25 0 -0.25 -0.25 0 0 0 0 0 0 0 0 0 0.5 -0.125 0.875 0.375 -0.25 -0.125 -0.25 -0.25 -0.25 -0.25 0 -0.25 -0.25 0 0 0 0 0 0 0 0 0 0.5 -0.125 0.875 0.375 -0.25 -0.125 -0.25 -0.25 -0.25 -0.25 0 -0.25 -0.25 0 0 0 0 0 0 0 0 0 0.5 -0.125 0.875 0.375 -0.25 -0.125 -0.25 -0.25 -0.25 -0.25 0 -0.25 -0.25 0 0 0 0 0 0 0 0 0 0.5 -0.125 0.875 0.375 -0.25 -0.125 -0.25 -0.25 -0.25 -0.25 0 -0.25 -0.25 0 0 0 0 0 0 0 0 0 0.5 -0.125 0.875 0.375 -0.25 -0.125 -0.25 -0.25 -0.25 -0.25 0 -0.25 -0.25 0 0 0 0 0 0 0 0 0 0.5 -0.125 0.875 0.375 -0.25 -0.125 -0.25 -0.25 -0.25 -0.25 0 -0.25 -0.25 0 0 0 0 0 0 0 0 0
T3: 0.5 0.5 0.5 0.5 0.5 0.5 0.5 0.5 0.5 0.5 0.5 0.5 0.5 0.5 0.5 0.5 0.5 0.5 0.5 0.5 0.5 0.5 -0.125 -0.125 -0.125 -0.125 -0.125 -0.125 -0.125 -0.125 -0.125 -0.125 -0.125 -0.125 -0.125 -0.125 -0.125 -0.125 -0.125 -0.125 -0.125 -0.125 -0.125 -0.125 0.875 0.875 0.875 0.875 0.875 0.875 0.875 0.875 0.875 0.875 0.875 0.875 0.875 0.875 0.875 0.875 0.875 0.875 0.875 0.875 0.875 0.875 0.375 0.375 0.375 0.375 0.375 0.375 0.375 0.375 0.375 0.375 0.375 0.375 0.375 0.375 0.375 0.375 0.375 0.375 0.375 0.375 0.375 0.375 -0.25 -0.25 -0.25 -0.25 -0.25 -0.25 -0.25 -0.25 -0.25 -0.25 -0.25 -0.25 -0.25 -0.25 -0.25 -0.25 -0.25 -0.25 -0.25 -0.25 -0.25 -0.25 -0.125 -0.125 -0.125 -0.125 -0.125 -0.125 -0.125 -0.125 -0.125 -0.125 -0.125 -0.125 -0.125 -0.125 -0.125 -0.125 -0.125 -0.125 -0.125 -0.125 -0.125 -0.125 -0.25 -0.25 -0.25 -0.25 -0.25 -0.25 -0.25 -0.25 -0.25 -0.25 -0.25 -0.25 -0.25 -0.25 -0.25 -0.25 -0.25 -0.25 -0.25 -0.25 -0.25 -0.25 -0.25 -0.25 -0.25 -0.25 -0.25 -0.25 -0.25 -0.25 -0.25 -0.25 -0.25 -0.25 -0.25 -0.25 -0.25 -0.25 -0.25 -0.25 -0.25 -0.25 -0.25 -0.25 -0.25 -0.25 -0.25 -0.25 -0.25 -0.25 -0.25 -0.25 -0.25 -0.25 -0.25 -0.25 -0.25 -0.25 -0.25 -0.25 -0.25 -0.25 -0.25 -0.25 -0.25 -0.25 -0.25 -0.25 -0.25 -0.25 -0.25 -0.25 -0.25 -0.25 -0.25 -0.25 -0.25 -0.25 -0.25 -0.25 -0.25 -0.25 -0.25 -0.25 -0.25 -0.25 -0.25 -0.25 0 0 0 0 0 0 0 0 0 0 0 0 0 0 0 0 0 0 0 0 0 0 -0.25 -0.25 -0.25 -0.25 -0.25 -0.25 -0.25 -0.25 -0.25 -0.25 -0.25 -0.25 -0.25 -0.25 -0.25 -0.25 -0.25 -0.25 -0.25 -0.25 -0.25 -0.25 -0.25 -0.25 -0.25 -0.25 -0.25 -0.25 -0.25 -0.25 -0.25 -0.25 -0.25 -0.25 -0.25 -0.25 -0.25 -0.25 -0.25 -0.25 -0.25 -0.25 -0.25 -0.25 0 0 0 0 0 0 0 0 0 0 0 0 0 0 0 0 0 0 0 0 0 0 0 0 0 0 0 0 0 0 0 0 0 0 0 0 0 0 0 0 0 0 0 0 0 0 0 0 0 0 0 0 0 0 0 0 0 0 0 0 0 0 0 0 0 0 0 0 0 0 0 0 0 0 0 0 0 0 0 0 0 0 0 0 0 0 0 0 0 0 0 0 0 0 0 0 0 0 0 0 0 0 0 0 0 0 0 0 0 0 0 0 0 0 0 0 0 0 0 0 0 0 0 0 0 0 0 0 0 0 0 0 0 0 0 0 0 0 0 0 0 0 0 0 0 0 0 0 0 0 0 0 0 0 0 0 0 0 0 0 0 0 0 0 0 0 0 0 0 0 0 0 0 0 0 0 0 0 0 0 0 0 0 0 0 0 0 0 0 0 0 0 0 0 0 0 0 0
T4: 0 0 0 0 0 0 0 0 0 0 0 0 0 0 0 0 0 0 0 0 0 0 0 0 0 0 0 0 0 0 0 0 0 0 0 0 0 0 0 0 0 0 0 0 0 0 0 0 0 0 0 0 0 0 0 0 0 0 0 0 0 0 0 0 0 0 0 0 0 0 0 0 0 0 0 0 0 0 0 0 0 0 0 0 0 0 0 0 0 0 0 0 0 0 0 0 0 0 0 0 0 0 0 0 0 0 0 0 0 0 0 0 0 0 0 0 0 0 0 0 0 0 0 0 0 0 0 0 0 0 0 0 0 0 0 0 0 0 0 0 0 0 0 0 0 0 0 0 0 0 0 0 0 0 0 0 0 0 0 0 0 0 0 0 0 0 0 0 0 0 0 0 0 0 0 0 0 0 0 0 0 0 0 0 0 0 0 0 0 0 0 0 0 0 0 0 0 0 0 0 0 0 0 0 0 0 0 0 0 0 0 0 0 0 0 0 0 0 0 0 0 0 0 0 0 0 0 0 0 0 0 0 0 0 0 0 0 0 0 0 0 0 0 0 0 0 0 0 0 0 0 0 0 0 0 0 0 0 0 0 0 0 0 0 0 0 0 0 0 0 0 0 0 0 0 0 0 0 0 0 0 0 0 0 0 0 0 0 0 0 0 0 0 0 0 0 0 0 0 0 0 0 0 0 0 0 0 0 0 0 0 0 0 0 0 0 0 0 0 0 0 0 0 0 0 0 0 0 0 0 0 0 0 0 0 0 0 0 0 0 0 0 0 0 0 0 0 0 0 0 0 0 0 0 0 0 0 0 0 0 0 0 0 0 0 0 0 0 0 0 0 0 0 0 0 0 0 0 0 0 0 0 0 0 0 0 0 0 0 0 0 0 0 0 0 0 0 0 0 0 0 0 0 0 0 0 0 0 0 0 0 0 0 0 0 0 0 0 0 0 0 0 0 0 0 0 0 0 0 0 0 0 0 0 0 0 0 0 0 0 0 0 0 0 0 0 0 0 0 0 0 0 0 0 0 0 0 0 0 0 0 0 0 0 0 0 0 0 0 0 0 0 0 0 0 0 0 0 0 0 0 0 0 0
T5: 0 0 0 0 0 0 0 0 0 0 0 0 0 0 0 0 0 0 0 0 0 0 0 0 0 0 0 0 0 0 0 0 0 0 0 0 0 0 0 0 0 0 0 0 0 0 0 0 0 0 0 0 0 0 0 0 0 0 0 0 0 0 0 0 0 0 0 0 0 0 0 0 0 0 0 0 0 0 0 0 0 0 0 0 0 0 0 0 0 0 0 0 0 0 0 0 0 0 0 0 0 0 0 0 0 0 0 0 0 0 0 0 0 0 0 0 0 0 0 0 0 0 0 0 0 0 0 0 0 0 0 0 0 0 0 0 0 0 0 0 0 0 0 0 0 0 0 0 0 0 0 0 0 0 0 0 0 0 0 0 0 0 0 0 0 0 0 0 0 0 0 0 0 0 0 0 0 0 0 0 0 0 0 0 0 0 0 0 0 0 0 0 0 0 0 0 0 0 0 0 0 0 0 0 0 0 0 0 0 0 0 0 0 0 0 0 0 0 0 0 0 0 0 0 0 0 0 0 0 0 0 0 0 0 0 0 0 0 0 0 0 0 0 0 0 0 0 0 0 0 0 0 0 0 0 0 0 0 0 0 0 0 0 0 0 0 0 0 0 0 0 0 0 0 0 0 0 0 0 0 0 0 0 0 0 0 0 0 0 0 0 0 0 0 0 0 0 0 0 0 0 0 0 0 0 0 0 0 0 0 0 0 0 0 0 0 0 0 0 0 0 0 0 0 0 0 0 0 0 0 0 0 0 0 0 0 0 0 0 0 0 0 0 0 0 0 0 0 0 0 0 0 0 0 0 0 0 0 0 0 0 0 0 0 0 0 0 0 0 0 0 0 0 0 0 0 0 0 0 0 0 0 0 0 0 0 0 0 0 0 0 0 0 0 0 0 0 0 0 0 0 0 0 0 0 0 0 0 0 0 0 0 0 0 0 0 0 0 0 0 0 0 0 0 0 0 0 0 0 0 0 0 0 0 0 0 0 0 0 0 0 0 0 0 0 0 0 0 0 0 0 0 0 0 0 0 0 0 0 0 0 0 0 0 0 0 0 0 0 0 0 0 0 0 0 0 0 0 0 0 0 0 0 0
Tp: 0 0 0.125 0.96875 0 0.15625 0 0.875 0 0.75 0.1875 0 0 0.96875 0.1875 0 0 0.75 0 0 0 0.65625 0 0 0 0.5 0 0.21875 0 0.5 0 0.21875 0 0.375 0 0.5 0 0.375 0 0.5 0 0.1875 0 0.65625 0 0.25 0 0.8125 0 0.25 0 0.8125 0 0.3125 0.125 0.3125 0 0.3125 0.125 0.3125 0 0.3125 0.125 0.3125 0 0.3125 0.125 0.3125 0 0.3125 0.125 0.3125 0 0.3125 0.125 0.3125 0 0.3125 0.125 0.3125 0 0.3125 0.125 0.3125 0 0.3125 0.125 0.3125 0 0 0 0.875 0.125 0.0625 0.125 0.3125 0 0.375 0.0625 0 0 0.4375 0 0 0 0 0 0.125 0 0 0 0.1875 0 0 0 0.40625 0 0 0 0.40625 0 0 0 0.40625 0 0 0 0.40625 0 0 0 0.5625 0 0 0 0.40625 0 0 0 0.40625 0.03125 0 0 0 0.03125 0 0 0 0.03125 0 0 0 0.03125 0 0 0 0.03125 0 0 0 0.03125 0 0 0 0.03125 0 0 0 0.03125 0 0 0 0.03125 0 0 0 0 0.96875 0.25 0 0 0.96875 0.25 0 0 0.6875 0.3125 0 0 0.96875 0.25 0 0 0.875 0 0.15625 0 0.96875 0.125 0 0 0.96875 0.09375 0 0 0.5 0 0.96875 0 0.96875 0.0625 0 0 0.875 0 0.15625 0 0.96875 0.25 0 0 0.875 0 0.15625 0 0.75 0 0.4375 0 0.5625 0.1875 0.5625 0 0.5625 0.1875 0.5625 0 0.5625 0.1875 0.5625 0 0.5625 0.1875 0.5625 0 0.5625 0.1875 0.5625 0 0.5625 0.1875 0.5625 0 0.5625 0.1875 0.5625 0 0.5625 0.1875 0.5625 0 0.5625 0.1875 0.5625 0 0.9375 0.15625 0 0 0.96875 0.0625 0 0 0.6875 0.15625 0 0.96875 0 0 0.96875 0 0.3125 0 0.4375 0 0.71875 0 0 0 0.3125 0 0.4375 0 0.0625 0 0.9375 0 0.5625 0 0 0 0.3125 0 0.4375 0 0.96875 0.125 0 0 0.4375 0 0.125 0 0.3125 0 0.4375 0 0.25 0.09375 0.25 0 0.25 0.09375 0.25 0 0.25 0.09375 0.25 0 0.25 0.09375 0.25 0 0.25 0.09375 0.25 0 0.25 0.09375 0.25 0 0.25 0.09375 0.25 0 0.25 0.09375 0.25 0 0.25 0.09375 0.25 0 0 0 0 0 0 0 0.125 0 0 0 0.15625 0 0 0 0.4375 0.25 0.0625 0.125 0.15625 0 0 0 0.125 0 0 0 0.34375 0 0 0 0.34375 0 0 0 0.34375 0 0 0 0.34375 0 0 0 0.1875 0 0 0 0.34375 0 0 0 0.34375 0.0625 0 0 0 0.0625 0 0 0 0.0625 0 0 0 0.0625 0 0 0 0.0625 0 0 0 0.0625 0 0 0 0.0625 0 0 0 0.0625 0 0 0 0.0625 0 0 0 0 0 0 0 0 0 0 0.1875 0 0 0 0 0 0.0625 0 0 0 0 0 0.125 0 0.1875 0.125 0 0 0 0 0.125 0 0 0 0.40625 0 0 0 0.125 0 0 0 0.40625 0 0 0 0 0 0 0 0.40625 0 0 0 0.40625 0.03125 0 0 0 0.03125 0 0 0 0.03125 0 0 0 0.03125 0 0 0 0.03125 0 0 0 0.03125 0 0 0 0.03125 0 0 0 0.03125 0 0 0 0.03125 0 0 0 0 0 0 0.21875 0 0 0 0.40625 0 0 0 0 0 0 0 0.4375 0 0 0 0.34375 0 0 0 0.125 0.25 0.0625 0.125 0.15625 0 0 0 0.34375 0 0 0 0.34375 0 0 0 0.34375 0 0 0 0.5 0 0 0 0.34375 0 0 0 0.34375 0.0625 0 0 0 0.0625 0 0 0 0.0625 0 0 0 0.0625 0 0 0 0.0625 0 0 0 0.0625 0 0 0 0.0625 0 0 0 0.0625 0 0 0 0.0625 0 0 0 0 0 0 0.21875 0 0 0 0.40625 0 0 0 0.96875 0 0 0 0.9375 0 0 0 0.34375 0 0 0 0.40625 0 0 0 0.34375 0.25 0.0625 0.125 0.15625 0 0 0 0.34375 0 0 0 0.34375 0 0 0 0.5 0 0 0 0.34375 0 0 0 0.34375 0.0625 0 0 0 0.0625 0 0 0 0.0625 0 0 0 0.0625 0 0 0 0.0625 0 0 0 0.0625 0 0 0 0.0625 0 0 0 0.0625 0 0 0 0.0625 0 0 0 0 0 0 0.5 0 0 0 0.40625 0 0 0 0 0 0 0 0 0 0 0 0.34375 0 0 0 0.125 0 0 0 0.34375 0 0 0 0.34375 0.25 0.0625 0.125 0.15625 0 0 0 0.34375 0 0 0 0.5 0 0 0 0.34375 0 0 0 0.34375 0.0625 0 0 0 0.0625 0 0 0 0.0625 0 0 0 0.0625 0 0 0 0.0625 0 0 0 0.0625 0 0 0 0.0625 0 0 0 0.0625 0 0 0 0.0625 0 0 0 0 0 0 0.5 0 0 0 0.40625 0 0 0 0.15625 0 0 0 0.4375 0 0 0 0.34375 0 0 0 0.40625 0 0 0 0.34375 0 0 0 0.34375 0 0 0 0.34375 0.25 0.0625 0.125 0.15625 0 0 0 0.5 0 0 0 0.34375 0 0 0 0.34375 0.0625 0 0 0 0.0625 0 0 0 0.0625 0 0 0 0.0625 0 0 0 0.0625 0 0 0 0.0625 0 0 0 0.0625 0 0 0 0.0625 0 0 0 0.0625 0 0 0 0 0 0 0.65625 0 0 0 0.5625 0 0.4375 0.09375 0 0 0.78125 0.0625 0 0 0.0625 0 0.1875 0 0.09375 0 0 0 0 0 0.5 0 0 0 0.5 0 0 0 0.5 0 0 0 0.5 0 0.03125 0.125 0.4375 0 0 0 0.5 0 0 0 0.5 0 0 0 0 0 0 0 0 0 0 0 0 0 0 0 0 0 0 0 0 0 0 0 0 0 0 0 0 0 0 0 0 0 0 0 0 0 0 0 0.8125 0 0 0 0.40625 0 0 0 0.15625 0 0 0 0.125 0 0 0 0.34375 0 0 0 0.40625 0 0 0 0.34375 0 0 0 0.34375 0 0 0 0.34375 0 0 0 0.34375 0 0 0 0.5 0.25 0.0625 0.125 0.15625 0 0 0 0.34375 0.0625 0 0 0 0.0625 0 0 0 0.0625 0 0 0 0.0625 0 0 0 0.0625 0 0 0 0.0625 0 0 0 0.0625 0 0 0 0.0625 0 0 0 0.0625 0 0 0 0 0 0 0.8125 0 0 0 0.40625 0 0 0 0.4375 0 0 0 0.4375 0 0 0 0.34375 0 0 0 0.40625 0 0 0 0.34375 0 0 0 0.34375 0 0 0 0.34375 0 0 0 0.34375 0 0 0 0.5 0 0 0 0.34375 0.25 0.0625 0.125 0.15625 0.0625 0 0 0 0.0625 0 0 0 0.0625 0 0 0 0.0625 0 0 0 0.0625 0 0 0 0.0625 0 0 0 0.0625 0 0 0 0.0625 0 0 0 0.0625 0 0 0 0 0 0 0.3125 0.03125 0.09375 0 0 0 0 0.03125 0.5625 0 0 0 0.25 0.0625 0.1875 0 0 0.03125 0.09375 0 0 0.0625 0.1875 0 0 0.0625 0.1875 0 0 0.0625 0.1875 0 0 0.0625 0.1875 0 0 0 0 0 0 0.0625 0.1875 0 0 0.0625 0.1875 0 0 0 0 0 0 0 0 0 0 0 0 0 0 0 0 0 0 0 0 0 0 0 0 0 0 0 0 0 0 0 0 0 0 0 0 0 0 0 0 0 0.3125 0.03125 0.09375 0 0 0 0 0.03125 0.5625 0 0 0 0.25 0.0625 0.1875 0 0 0.03125 0.09375 0 0 0.0625 0.1875 0 0 0.0625 0.1875 0 0 0.0625 0.1875 0 0 0.0625 0.1875 0 0 0 0 0 0 0.0625 0.1875 0 0 0.0625 0.1875 0 0 0 0 0 0 0 0 0 0 0 0 0 0 0 0 0 0 0 0 0 0 0 0 0 0 0 0 0 0 0 0 0 0 0 0 0 0 0 0 0 0.3125 0.03125 0.09375 0 0 0 0 0.03125 0.5625 0 0 0 0.25 0.0625 0.1875 0 0 0.03125 0.09375 0 0 0.0625 0.1875 0 0 0.0625 0.1875 0 0 0.0625 0.1875 0 0 0.0625 0.1875 0 0 0 0 0 0 0.0625 0.1875 0 0 0.0625 0.1875 0 0 0 0 0 0 0 0 0 0 0 0 0 0 0 0 0 0 0 0 0 0 0 0 0 0 0 0 0 0 0 0 0 0 0 0 0 0 0 0 0 0.3125 0.03125 0.09375 0 0 0 0 0.03125 0.5625 0 0 0 0.25 0.0625 0.1875 0 0 0.03125 0.09375 0 0 0.0625 0.1875 0 0 0.0625 0.1875 0 0 0.0625 0.1875 0 0 0.0625 0.1875 0 0 0 0 0 0 0.0625 0.1875 0 0 0.0625 0.1875 0 0 0 0 0 0 0 0 0 0 0 0 0 0 0 0 0 0 0 0 0 0 0 0 0 0 0 0 0 0 0 0 0 0 0 0 0 0 0 0 0 0.3125 0.03125 0.09375 0 0 0 0 0.03125 0.5625 0 0 0 0.25 0.0625 0.1875 0 0 0.03125 0.09375 0 0 0.0625 0.1875 0 0 0.0625 0.1875 0 0 0.0625 0.1875 0 0 0.0625 0.1875 0 0 0 0 0 0 0.0625 0.1875 0 0 0.0625 0.1875 0 0 0 0 0 0 0 0 0 0 0 0 0 0 0 0 0 0 0 0 0 0 0 0 0 0 0 0 0 0 0 0 0 0 0 0 0 0 0 0 0 0.3125 0.03125 0.09375 0 0 0 0 0.03125 0.5625 0 0 0 0.25 0.0625 0.1875 0 0 0.03125 0.09375 0 0 0.0625 0.1875 0 0 0.0625 0.1875 0 0 0.0625 0.1875 0 0 0.0625 0.1875 0 0 0 0 0 0 0.0625 0.1875 0 0 0.0625 0.1875 0 0 0 0 0 0 0 0 0 0 0 0 0 0 0 0 0 0 0 0 0 0 0 0 0 0 0 0 0 0 0 0 0 0 0 0 0 0 0 0 0 0.3125 0.03125 0.09375 0 0 0 0 0.03125 0.5625 0 0 0 0.25 0.0625 0.1875 0 0 0.03125 0.09375 0 0 0.0625 0.1875 0 0 0.0625 0.1875 0 0 0.0625 0.1875 0 0 0.0625 0.1875 0 0 0 0 0 0 0.0625 0.1875 0 0 0.0625 0.1875 0 0 0 0 0 0 0 0 0 0 0 0 0 0 0 0 0 0 0 0 0 0 0 0 0 0 0 0 0 0 0 0 0 0 0 0 0 0 0 0 0 0.3125 0.03125 0.09375 0 0 0 0 0.03125 0.5625 0 0 0 0.25 0.0625 0.1875 0 0 0.03125 0.09375 0 0 0.0625 0.1875 0 0 0.0625 0.1875 0 0 0.0625 0.1875 0 0 0.0625 0.1875 0 0 0 0 0 0 0.0625 0.1875 0 0 0.0625 0.1875 0 0 0 0 0 0 0 0 0 0 0 0 0 0 0 0 0 0 0 0 0 0 0 0 0 0 0 0 0 0 0 0 0 0 0 0 0 0 0 0 0 0.3125 0.03125 0.09375 0 0 0 0 0.03125 0.5625 0 0 0 0.25 0.0625 0.1875 0 0 0.03125 0.09375 0 0 0.0625 0.1875 0 0 0.0625 0.1875 0 0 0.0625 0.1875 0 0 0.0625 0.1875 0 0 0 0 0 0 0.0625 0.1875 0 0 0.0625 0.1875 0 0 0 0 0 0 0 0 0 0 0 0 0 0 0 0 0 0 0 0 0 0 0 0 0 0 0 0 0 0 0 0 0 0 0 0 0 0
Tr: -0.140625 -0.703125 5.609375 10.90625 -0.140625 0.703125 -2 9.34375 -0.140625 6.046875 9.421875 -5.21875 -0.140625 8.015625 9.421875 -5.21875 -0.140625 6.046875 -2 -5.21875 -0.140625 5.203125 -2 -5.21875 -0.140625 3.796875 -2 -1.578125 -0.140625 3.796875 -2 -1.578125 -0.140625 2.671875 -2 3.109375 -0.140625 2.671875 -2 3.109375 -0.140625 0.984375 -2 5.703125 -0.140625 1.546875 -2 8.3125 -0.140625 1.546875 -2 8.3125 0 0 0 0 0 0 0 0 0 0 0 0 0 0 0 0 0 0 0 0 0 0 0 0 0 0 0 0 0 0 0 0 0 0 0 0 -0.140625 -0.703125 -2 9.34375 1.75 -0.140625 5.609375 -0.015625 -0.140625 2.671875 1.8125 -5.21875 -0.140625 3.234375 -2 -5.21875 -0.140625 -0.703125 -2 -3.140625 -0.140625 -0.703125 -2 -2.09375 -0.140625 -0.703125 -2 1.546875 -0.140625 -0.703125 -2 1.546875 -0.140625 -0.703125 -2 1.546875 -0.140625 -0.703125 -2 1.546875 -0.140625 -0.703125 -2 4.140625 -0.140625 -0.703125 -2 1.546875 -0.140625 -0.703125 -2 1.546875 0 0 0 0 0 0 0 0 0 0 0 0 0 0 0 0 0 0 0 0 0 0 0 0 0 0 0 0 0 0 0 0 0 0 0 0 -0.140625 8.015625 13.21875 -5.21875 -0.140625 8.015625 13.21875 -5.21875 -0.140625 5.484375 17.03125 -5.21875 -0.140625 8.015625 13.21875 -5.21875 -0.140625 7.171875 -2 -2.625 -0.140625 8.015625 5.609375 -5.21875 -0.140625 8.015625 3.71875 -5.21875 -0.140625 3.796875 -2 10.90625 -0.140625 8.015625 1.8125 -5.21875 -0.140625 7.171875 -2 -2.625 -0.140625 8.015625 13.21875 -5.21875 -0.140625 7.171875 -2 -2.625 -0.140625 6.046875 -2 2.0625 0 0 0 0 0 0 0 0 0 0 0 0 0 0 0 0 0 0 0 0 0 0 0 0 0 0 0 0 0 0 0 0 0 0 0 0 -0.140625 7.734375 7.515625 -5.21875 -0.140625 8.015625 1.8125 -5.21875 -0.140625 5.484375 7.515625 -5.21875 14.515625 -0.703125 -2 10.90625 -0.140625 2.109375 -2 2.0625 -0.140625 5.765625 -2 -5.21875 -0.140625 2.109375 -2 2.0625 -0.140625 -0.140625 -2 10.390625 -0.140625 4.359375 -2 -5.21875 -0.140625 2.109375 -2 2.0625 -0.140625 8.015625 5.609375 -5.21875 -0.140625 3.234375 -2 -3.140625 -0.140625 2.109375 -2 2.0625 0 0 0 0 0 0 0 0 0 0 0 0 0 0 0 0 0 0 0 0 0 0 0 0 0 0 0 0 0 0 0 0 0 0 0 0 -0.140625 -0.703125 -2 -5.21875 -0.140625 -0.703125 -2 -3.140625 -0.140625 -0.703125 -2 -2.625 -0.140625 -0.703125 -2 2.0625 3.640625 -0.140625 5.609375 -2.625 -0.140625 -0.703125 -2 -3.140625 -0.140625 -0.703125 -2 0.5 -0.140625 -0.703125 -2 0.5 -0.140625 -0.703125 -2 0.5 -0.140625 -0.703125 -2 0.5 -0.140625 -0.703125 -2 -2.09375 -0.140625 -0.703125 -2 0.5 -0.140625 -0.703125 -2 0.5 0 0 0 0 0 0 0 0 0 0 0 0 0 0 0 0 0 0 0 0 0 0 0 0 0 0 0 0 0 0 0 0 0 0 0 0 -0.140625 -0.703125 -2 -5.21875 -0.140625 -0.703125 -2 -2.09375 -0.140625 -0.703125 -2 -5.21875 -0.140625 -0.140625 -2 -5.21875 -0.140625 -0.703125 -2 -3.140625 -0.140625 0.984375 5.609375 -5.21875 -0.140625 -0.703125 -2 -3.140625 -0.140625 -0.703125 -2 1.546875 -0.140625 -0.703125 -2 -3.140625 -0.140625 -0.703125 -2 1.546875 -0.140625 -0.703125 -2 -5.21875 -0.140625 -0.703125 -2 1.546875 -0.140625 -0.703125 -2 1.546875 0 0 0 0 0 0 0 0 0 0 0 0 0 0 0 0 0 0 0 0 0 0 0 0 0 0 0 0 0 0 0 0 0 0 0 0 -0.140625 -0.703125 -2 -1.578125 -0.140625 -0.703125 -2 1.546875 -0.140625 -0.703125 -2 -5.21875 -0.140625 -0.703125 -2 2.0625 -0.140625 -0.703125 -2 0.5 -0.140625 -0.703125 -2 -3.140625 3.640625 -0.140625 5.609375 -2.625 -0.140625 -0.703125 -2 0.5 -0.140625 -0.703125 -2 0.5 -0.140625 -0.703125 -2 0.5 -0.140625 -0.703125 -2 3.109375 -0.140625 -0.703125 -2 0.5 -0.140625 -0.703125 -2 0.5 0 0 0 0 0 0 0 0 0 0 0 0 0 0 0 0 0 0 0 0 0 0 0 0 0 0 0 0 0 0 0 0 0 0 0 0 -0.140625 -0.703125 -2 -1.578125 -0.140625 -0.703125 -2 1.546875 -0.140625 -0.703125 -2 10.90625 -0.140625 -0.703125 -2 10.390625 -0.140625 -0.703125 -2 0.5 -0.140625 -0.703125 -2 1.546875 -0.140625 -0.703125 -2 0.5 3.640625 -0.140625 5.609375 -2.625 -0.140625 -0.703125 -2 0.5 -0.140625 -0.703125 -2 0.5 -0.140625 -0.703125 -2 3.109375 -0.140625 -0.703125 -2 0.5 -0.140625 -0.703125 -2 0.5 0 0 0 0 0 0 0 0 0 0 0 0 0 0 0 0 0 0 0 0 0 0 0 0 0 0 0 0 0 0 0 0 0 0 0 0 -0.140625 -0.703125 -2 3.109375 -0.140625 -0.703125 -2 1.546875 -0.140625 -0.703125 -2 -5.21875 -0.140625 -0.703125 -2 -5.21875 -0.140625 -0.703125 -2 0.5 -0.140625 -0.703125 -2 -3.140625 -0.140625 -0.703125 -2 0.5 -0.140625 -0.703125 -2 0.5 3.640625 -0.140625 5.609375 -2.625 -0.140625 -0.703125 -2 0.5 -0.140625 -0.703125 -2 3.109375 -0.140625 -0.703125 -2 0.5 -0.140625 -0.703125 -2 0.5 0 0 0 0 0 0 0 0 0 0 0 0 0 0 0 0 0 0 0 0 0 0 0 0 0 0 0 0 0 0 0 0 0 0 0 0 -0.140625 -0.703125 -2 3.109375 -0.140625 -0.703125 -2 1.546875 -0.140625 -0.703125 -2 -2.625 -0.140625 -0.703125 -2 2.0625 -0.140625 -0.703125 -2 0.5 -0.140625 -0.703125 -2 1.546875 -0.140625 -0.703125 -2 0.5 -0.140625 -0.703125 -2 0.5 -0.140625 -0.703125 -2 0.5 3.640625 -0.140625 5.609375 -2.625 -0.140625 -0.703125 -2 3.109375 -0.140625 -0.703125 -2 0.5 -0.140625 -0.703125 -2 0.5 0 0 0 0 0 0 0 0 0 0 0 0 0 0 0 0 0 0 0 0 0 0 0 0 0 0 0 0 0 0 0 0 0 0 0 0 -0.140625 -0.703125 -2 5.703125 -0.140625 -0.703125 -2 4.140625 -0.140625 3.234375 3.71875 -5.21875 -0.140625 6.328125 1.8125 -5.21875 -0.140625 -0.140625 -2 -2.09375 -0.140625 0.140625 -2 -5.21875 -0.140625 -0.703125 -2 3.109375 -0.140625 -0.703125 -2 3.109375 -0.140625 -0.703125 -2 3.109375 -0.140625 -0.703125 -2 3.109375 -0.140625 -0.421875 5.609375 2.0625 -0.140625 -0.703125 -2 3.109375 -0.140625 -0.703125 -2 3.109375 0 0 0 0 0 0 0 0 0 0 0 0 0 0 0 0 0 0 0 0 0 0 0 0 0 0 0 0 0 0 0 0 0 0 0 0 -0.140625 -0.703125 -2 8.3125 -0.140625 -0.703125 -2 1.546875 -0.140625 -0.703125 -2 -2.625 -0.140625 -0.703125 -2 -3.140625 -0.140625 -0.703125 -2 0.5 -0.140625 -0.703125 -2 1.546875 -0.140625 -0.703125 -2 0.5 -0.140625 -0.703125 -2 0.5 -0.140625 -0.703125 -2 0.5 -0.140625 -0.703125 -2 0.5 -0.140625 -0.703125 -2 3.109375 3.640625 -0.140625 5.609375 -2.625 -0.140625 -0.703125 -2 0.5 0 0 0 0 0 0 0 0 0 0 0 0 0 0 0 0 0 0 0 0 0 0 0 0 0 0 0 0 0 0 0 0 0 0 0 0 -0.140625 -0.703125 -2 8.3125 -0.140625 -0.703125 -2 1.546875 -0.140625 -0.703125 -2 2.0625 -0.140625 -0.703125 -2 2.0625 -0.140625 -0.703125 -2 0.5 -0.140625 -0.703125 -2 1.546875 -0.140625 -0.703125 -2 0.5 -0.140625 -0.703125 -2 0.5 -0.140625 -0.703125 -2 0.5 -0.140625 -0.703125 -2 0.5 -0.140625 -0.703125 -2 3.109375 -0.140625 -0.703125 -2 0.5 3.640625 -0.140625 5.609375 -2.625 0 0 0 0 0 0 0 0 0 0 0 0 0 0 0 0 0 0 0 0 0 0 0 0 0 0 0 0 0 0 0 0 0 0 0 0 0 0 0 0 0 0 0 0 0 0 0 0 0 0 0 0 0 0 0 0 0 0 0 0 0 0 0 0 0 0 0 0 0 0 0 0 0 0 0 0 0 0 0 0 0 0 0 0 0 0 0 0 0 0 0 0 0 0 0 0 0 0 0 0 0 0 0 0 0 0 0 0 0 0 0 0 0 0 0 0 0 0 0 0 0 0 0 0 0 0 0 0 0 0 0 0 0 0 0 0 0 0 0 0 0 0 0 0 0 0 0 0 0 0 0 0 0 0 0 0 0 0 0 0 0 0 0 0 0 0 0 0 0 0 0 0 0 0 0 0 0 0 0 0 0 0 0 0 0 0 0 0 0 0 0 0 0 0 0 0 0 0 0 0 0 0 0 0 0 0 0 0 0 0 0 0 0 0 0 0 0 0 0 0 0 0 0 0 0 0 0 0 0 0 0 0 0 0 0 0 0 0 0 0 0 0 0 0 0 0 0 0 0 0 0 0 0 0 0 0 0 0 0 0 0 0 0 0 0 0 0 0 0 0 0 0 0 0 0 0 0 0 0 0 0 0 0 0 0 0 0 0 0 0 0 0 0 0 0 0 0 0 0 0 0 0 0 0 0 0 0 0 0 0 0 0 0 0 0 0 0 0 0 0 0 0 0 0 0 0 0 0 0 0 0 0 0 0 0 0 0 0 0 0 0 0 0 0 0 0 0 0 0 0 0 0 0 0 0 0 0 0 0 0 0 0 0 0 0 0 0 0 0 0 0 0 0 0 0 0 0 0 0 0 0 0 0 0 0 0 0 0 0 0 0 0 0 0 0 0 0 0 0 0 0 0 0 0 0 0 0 0 0 0 0 0 0 0 0 0 0 0 0 0 0 0 0 0 0 0 0 0 0 0 0 0 0 0 0 0 0 0 0 0 0 0 0 0 0 0 0 0 0 0 0 0 0 0 0 0 0 0 0 0 0 0 0 0 0 0 0 0 0 0 0 0 0 0 0 0 0 0 0 0 0 0 0 0 0 0 0 0 0 0 0 0 0 0 0 0 0 0 0 0 0 0 0 0 0 0 0 0 0 0 0 0 0 0 0 0 0 0 0 0 0 0 0 0 0 0 0 0 0 0 0 0 0 0 0 0 0 0 0 0 0 0 0 0 0 0 0 0 0 0 0 0 0 0 0 0 0 0 0 0 0 0 0 0 0 0 0 0 0 0 0 0 0 0 0 0 0 0 0 0 0 0 0 0 0 0 0 0 0 0 0 0 0 0 0 0 0 0 0 0 0 0 0 0 0 0 0 0 0 0 0 0 0 0 0 0 0 0 0 0 0 0 0 0 0 0 0 0 0 0 0 0 0 0 0 0 0 0 0 0 0 0 0 0 0 0 0 0 0 0 0 0 0 0 0 0 0 0 0 0 0 0 0 0 0 0 0 0 0 0 0 0 0 0 0 0 0 0 0 0 0 0 0 0 0 0 0 0 0 0 0 0 0 0 0 0 0 0 0 0 0 0 0 0 0 0 0 0 0 0 0 0 0 0 0 0 0 0 0 0 0 0 0 0 0 0 0 0 0 0 0 0 0 0 0 0 0 0 0 0 0 0 0 0 0 0 0 0 0 0 0 0 0 0 0 0 0 0 0 0 0 0 0 0 0 0 0 0 0 0 0 0 0 0 0 0 0 0 0 0 0 0 0 0 0 0 0 0 0 0 0 0 0 0 0 0 0 0 0 0 0 0 0 0 0 0 0 0 0 0 0 0 0 0 0 0 0 0 0 0 0 0 0 0 0 0 0 0
R: 0 0.84375 0.0625 0.0625
Rp: -2.29296875
