0 2 41.009765625 20.62109375 2.0673828125 1.9873046875 1.630859375 1.2802734375 0.521484375 0.197265625 0.044921875 0 0 0 0 0 0 0 0 0 0 0 2 0 956.5400390625 1022.091796875 107.9833984375 107.56640625 79.42578125 44.615234375 19.7861328125 3.5400390625 1.921875 0 0 0 0 0 0 0 0 0 0 0 41.009765625 956.5400390625 0.0625 6386.5625 579.01171875 265.79296875 180.71875 40.431640625 49.7958984375 15.0078125 4.25390625 0 0 0 0 0 0 0 0 0 0 0 20.62109375 1022.091796875 6386.5625 23.0625 7.8203125 392.1484375 397.2734375 121.044921875 169.1171875 67.921875 2.3701171875 0 0 0 0 0 0 0 0 0 0 0 2.0673828125 107.9833984375 579.01171875 7.8203125 -0 31.283203125 33.1240234375 9.7177734375 14.9609375 6.4296875 0.1591796875 0 0 0 0 0 0 0 0 0 0 0 1.9873046875 107.56640625 265.79296875 392.1484375 31.283203125 0 0.9404296875 4.431640625 2.232421875 2.630859375 0.205078125 0 0 0 0 0 0 0 0 0 0 0 1.630859375 79.42578125 180.71875 397.2734375 33.1240234375 0.9404296875 0 4.3193359375 0.75390625 1.51171875 0.2451171875 0 0 0 0 0 0 0 0 0 0 0 1.2802734375 44.615234375 40.431640625 121.044921875 9.7177734375 4.431640625 4.3193359375 0 2.23046875 1.19921875 0.0263671875 0 0 0 0 0 0 0 0 0 0 0 0.521484375 19.7861328125 49.7958984375 169.1171875 14.9609375 2.232421875 0.75390625 2.23046875 0 0.201171875 0.13671875 0 0 0 0 0 0 0 0 0 0 0 0.197265625 3.5400390625 15.0078125 67.921875 6.4296875 2.630859375 1.51171875 1.19921875 0.201171875 0 0.0712890625 0 0 0 0 0 0 0 0 0 0 0 0.044921875 1.921875 4.25390625 2.3701171875 0.1591796875 0.205078125 0.2451171875 0.0263671875 0.13671875 0.0712890625 0 0 0 0 0 0 0 0 0 0 0 0 0 0 0 0 0 0 0 0 0 0 0 0 0 0 0 0 0 0 0 0 0 0 0 0 0 0 0 0 0 0 0 0 0 0 0 0 0 0 0 0 0 0 0 0 0 0 0 0 0 0 0 0 0 0 0 0 0 0 0 0 0 0 0 0 0 0 0 0 0 0 0 0 0 0 0 0 0 0 0 0 0 0 0 0 0 0 0 0 0 0 0 0 0 0 0 0 0 0 0 0 0 0 0 0 0 0 0 0 0 0 0 0 0 0 0 0 0 0 0 0 0 0 0 0 0 0 0 0 0 0 0 0 0 0 0 0 0 0 0 0 0 0 0 0 0 0 0 0 0 0 0 0 0 0 0 0 0 0 0 0 0 0 0 0 0 0 0 0 0 0 0 0 0 0 0 0 0 0 0 0 0 0 0 0 0 0 0 0 0 0 0 0 0 0 0 0 0 0 0 0 0 0 0 0 0 0 0 0 0 0 0 0 0 0 0 0 0 0 0 0 0 0 0 0 0 0 0 0 0 0 0 0 0 0 0 0 0 0 0 0 0 0
0 2 454.521484375 314.55078125 33.69921875 29.8232421875 16.6279296875 12.443359375 11.224609375 8.4365234375 9.3740234375 3.11328125 2.767578125 0 0 0 0 0 0 0 0 0 2 0 115.0908203125 66.7021484375 7.7666015625 7.44921875 2.66015625 2.4287109375 2.283203125 1.37109375 0.8212890625 0.8544921875 0.9306640625 0 0 0 0 0 0 0 0 0 454.521484375 115.0908203125 -0.015625 148.578125 4.2265625 19.6796875 53.81640625 14.3564453125 55.0029296875 19.2412109375 153.974609375 16.9501953125 5.8779296875 0 0 0 0 0 0 0 0 0 314.55078125 66.7021484375 148.578125 23.0390625 3.40625 20.9306640625 18.6279296875 3.4287109375 30.892578125 4.6728515625 79.61328125 12.6044921875 7.6982421875 0 0 0 0 0 0 0 0 0 33.69921875 7.7666015625 4.2265625 3.40625 0 1.3759765625 2.8779296875 0.6279296875 3.7548828125 0.8408203125 9.935546875 1.34375 0.642578125 0 0 0 0 0 0 0 0 0 29.8232421875 7.44921875 19.6796875 20.9306640625 1.3759765625 0 5.3310546875 2.0048828125 6.2490234375 1.396484375 12.0107421875 2.0146484375 0.822265625 0 0 0 0 0 0 0 0 0 16.6279296875 2.66015625 53.81640625 18.6279296875 2.8779296875 5.3310546875 -0 0.240234375 0.650390625 0.244140625 1.7451171875 0.546875 0.7470703125 0 0 0 0 0 0 0 0 0 12.443359375 2.4287109375 14.3564453125 3.4287109375 0.6279296875 2.0048828125 0.240234375 0 0.6328125 0.1533203125 2.27734375 0.353515625 0.3330078125 0 0 0 0 0 0 0 0 0 11.224609375 2.283203125 55.0029296875 30.892578125 3.7548828125 6.2490234375 0.650390625 0.6328125 0 0.890625 1.439453125 0.0927734375 0.388671875 0 0 0 0 0 0 0 0 0 8.4365234375 1.37109375 19.2412109375 4.6728515625 0.8408203125 1.396484375 0.244140625 0.1533203125 0.890625 0 1.4404296875 0.4609375 0.4052734375 0 0 0 0 0 0 0 0 0 9.3740234375 0.8212890625 153.974609375 79.61328125 9.935546875 12.0107421875 1.7451171875 2.27734375 1.439453125 1.4404296875 0 0.806640625 1.296875 0 0 0 0 0 0 0 0 0 3.11328125 0.8544921875 16.9501953125 12.6044921875 1.34375 2.0146484375 0.546875 0.353515625 0.0927734375 0.4609375 0.806640625 0 0.060546875 0 0 0 0 0 0 0 0 0 2.767578125 0.9306640625 5.8779296875 7.6982421875 0.642578125 0.822265625 0.7470703125 0.3330078125 0.388671875 0.4052734375 1.296875 0.060546875 0 0 0 0 0 0 0 0 0 0 0 0 0 0 0 0 0 0 0 0 0 0 0 0 0 0 0 0 0 0 0 0 0 0 0 0 0 0 0 0 0 0 0 0 0 0 0 0 0 0 0 0 0 0 0 0 0 0 0 0 0 0 0 0 0 0 0 0 0 0 0 0 0 0 0 0 0 0 0 0 0 0 0 0 0 0 0 0 0 0 0 0 0 0 0 0 0 0 0 0 0 0 0 0 0 0 0 0 0 0 0 0 0 0 0 0 0 0 0 0 0 0 0 0 0 0 0 0 0 0 0 0 0 0 0 0 0 0 0 0 0 0 0 0 0 0 0 0 0 0 0 0 0 0 0 0 0 0 0 0 0 0 0 0 0 0 0 0 0 0 0 0 0 0 0 0 0 0 0 0 0 0 0 0 0 0 0 0 0 0 0 0 0 0 0 0 0 0 0 0 0 0 0 0 0 0 0 0
0 2 299.28125 145.501953125 69.6806640625 52.0029296875 37.7783203125 14.810546875 7.5341796875 18.0419921875 11.2607421875 11.6630859375 5.5595703125 3.5302734375 5.78515625 0 0 0 0 0 0 0 2 0 119.8408203125 49.5791015625 28.11328125 11.78515625 7.837890625 5.5302734375 7.0947265625 2.6396484375 3.7431640625 2.1171875 2.1318359375 0.84765625 0.439453125 0 0 0 0 0 0 0 299.28125 119.8408203125 0.109375 1099.73828125 0.73828125 195.84765625 194.2607421875 97.0927734375 221.810546875 280.94140625 38.4580078125 90.044921875 8.8447265625 11.671875 112.08203125 0 0 0 0 0 0 0 145.501953125 49.5791015625 1099.73828125 0.001953125 241.65625 215.9765625 199.4609375 1.07421875 241.0458984375 222.361328125 4.708984375 82.1103515625 6.3017578125 16.0986328125 44.4140625 0 0 0 0 0 0 0 69.6806640625 28.11328125 0.73828125 241.65625 0 47.669921875 47.3896484375 21.111328125 52.796875 67.841796875 8.2783203125 21.8994140625 1.7802734375 2.880859375 26.3544921875 0 0 0 0 0 0 0 52.0029296875 11.78515625 195.84765625 215.9765625 47.669921875 0 1.0869140625 23.0791015625 57.328125 15.79296875 9.0947265625 1.91015625 4.7998046875 0.0380859375 6.482421875 0 0 0 0 0 0 0 37.7783203125 7.837890625 194.2607421875 199.4609375 47.3896484375 1.0869140625 0 21.412109375 42.240234375 7.6904296875 9.2705078125 0.4697265625 4.8701171875 0.08984375 4.11328125 0 0 0 0 0 0 0 14.810546875 5.5302734375 97.0927734375 1.07421875 21.111328125 23.0791015625 21.412109375 0 23.0029296875 23.86328125 0.4150390625 8.8544921875 0.466796875 1.6875 5.203125 0 0 0 0 0 0 0 7.5341796875 7.0947265625 221.810546875 241.0458984375 52.796875 57.328125 42.240234375 23.0029296875 0 23.5498046875 14.9208984375 13.6552734375 6.0703125 3.6123046875 11.806640625 0 0 0 0 0 0 0 18.0419921875 2.6396484375 280.94140625 222.361328125 67.841796875 15.79296875 7.6904296875 23.86328125 23.5498046875 -0 12.94140625 1.142578125 6.6962890625 1.0595703125 2.0595703125 0 0 0 0 0 0 0 11.2607421875 3.7431640625 38.4580078125 4.708984375 8.2783203125 9.0947265625 9.2705078125 0.4150390625 14.9208984375 12.94140625 -0 4.2158203125 0.1103515625 0.6748046875 3.033203125 0 0 0 0 0 0 0 11.6630859375 2.1171875 90.044921875 82.1103515625 21.8994140625 1.91015625 0.4697265625 8.8544921875 13.6552734375 1.142578125 4.2158203125 0 2.2177734375 0.1337890625 1.0869140625 0 0 0 0 0 0 0 5.5595703125 2.1318359375 8.8447265625 6.3017578125 1.7802734375 4.7998046875 4.8701171875 0.466796875 6.0703125 6.6962890625 0.1103515625 2.2177734375 0 0.33203125 1.9072265625 0 0 0 0 0 0 0 3.5302734375 0.84765625 11.671875 16.0986328125 2.880859375 0.0380859375 0.08984375 1.6875 3.6123046875 1.0595703125 0.6748046875 0.1337890625 0.33203125 0 0.513671875 0 0 0 0 0 0 0 5.78515625 0.439453125 112.08203125 44.4140625 26.3544921875 6.482421875 4.11328125 5.203125 11.806640625 2.0595703125 3.033203125 1.0869140625 1.9072265625 0.513671875 0 0 0 0 0 0 0 0 0 0 0 0 0 0 0 0 0 0 0 0 0 0 0 0 0 0 0 0 0 0 0 0 0 0 0 0 0 0 0 0 0 0 0 0 0 0 0 0 0 0 0 0 0 0 0 0 0 0 0 0 0 0 0 0 0 0 0 0 0 0 0 0 0 0 0 0 0 0 0 0 0 0 0 0 0 0 0 0 0 0 0 0 0 0 0 0 0 0 0 0 0 0 0 0 0 0 0 0 0 0 0 0 0 0 0 0 0 0 0 0 0 0 0 0 0 0 0 0 0 0 0 0 0 0 0 0 0 0 0 0 0 0 0 0 0 0 0 0 0 0 0 0 0 0 0 0 0 0 0 0 0 0
0 2 1038.4228515625 70.9775390625 30.5537109375 20.5205078125 25.40625 6.513671875 11.306640625 8.8046875 3.353515625 2.361328125 0 0 0 0 0 0 0 0 0 0 2 0 73.125 7.9873046875 2.21484375 1.9072265625 1.318359375 0.970703125 0.4794921875 0.59765625 0.486328125 0.4833984375 0 0 0 0 0 0 0 0 0 0 1038.4228515625 73.125 23.0625 1335.33984375 2.12109375 79.7041015625 24.1357421875 183.7880859375 22.3134765625 18.97265625 75.267578125 43.767578125 0 0 0 0 0 0 0 0 0 0 70.9775390625 7.9873046875 1335.33984375 2.25 35.240234375 8.9189453125 41.369140625 0.74609375 18.6826171875 18.669921875 0.3388671875 6.7080078125 0 0 0 0 0 0 0 0 0 0 30.5537109375 2.21484375 2.12109375 35.240234375 0 1.7998046875 1 4.931640625 0.796875 0.7177734375 1.994140625 1.263671875 0 0 0 0 0 0 0 0 0 0 20.5205078125 1.9072265625 79.7041015625 8.9189453125 1.7998046875 0 3.7724609375 1.4638671875 1.9609375 1.857421875 0.509765625 0.9169921875 0 0 0 0 0 0 0 0 0 0 25.40625 1.318359375 24.1357421875 41.369140625 1 3.7724609375 0 5.63671875 0.0703125 0.3466796875 2.4248046875 1.515625 0 0 0 0 0 0 0 0 0 0 6.513671875 0.970703125 183.7880859375 0.74609375 4.931640625 1.4638671875 5.63671875 0 2.5751953125 2.373046875 0.0107421875 0.67578125 0 0 0 0 0 0 0 0 0 0 11.306640625 0.4794921875 22.3134765625 18.6826171875 0.796875 1.9609375 0.0703125 2.5751953125 0 0.2490234375 1.1298828125 0.8125 0 0 0 0 0 0 0 0 0 0 8.8046875 0.59765625 18.97265625 18.669921875 0.7177734375 1.857421875 0.3466796875 2.373046875 0.2490234375 0.109375 1.0185546875 0.427734375 0 0 0 0 0 0 0 0 0 0 3.353515625 0.486328125 75.267578125 0.3388671875 1.994140625 0.509765625 2.4248046875 0.0107421875 1.1298828125 1.0185546875 0 0.2763671875 0 0 0 0 0 0 0 0 0 0 2.361328125 0.4833984375 43.767578125 6.7080078125 1.263671875 0.9169921875 1.515625 0.67578125 0.8125 0.427734375 0.2763671875 0 0 0 0 0 0 0 0 0 0 0 0 0 0 0 0 0 0 0 0 0 0 0 0 0 0 0 0 0 0 0 0 0 0 0 0 0 0 0 0 0 0 0 0 0 0 0 0 0 0 0 0 0 0 0 0 0 0 0 0 0 0 0 0 0 0 0 0 0 0 0 0 0 0 0 0 0 0 0 0 0 0 0 0 0 0 0 0 0 0 0 0 0 0 0 0 0 0 0 0 0 0 0 0 0 0 0 0 0 0 0 0 0 0 0 0 0 0 0 0 0 0 0 0 0 0 0 0 0 0 0 0 0 0 0 0 0 0 0 0 0 0 0 0 0 0 0 0 0 0 0 0 0 0 0 0 0 0 0 0 0 0 0 0 0 0 0 0 0 0 0 0 0 0 0 0 0 0 0 0 0 0 0 0 0 0 0 0 0 0 0 0 0 0 0 0 0 0 0 0 0 0 0 0 0 0 0 0 0 0 0 0 0 0 0 0 0 0 0 0 0 0 0 0 0 0 0 0 0 0 0
0 2 416.0537109375 352.755859375 247.8505859375 117.9482421875 105.2177734375 104.68359375 70.6982421875 85.8369140625 56.421875 54.09765625 54.796875 44.732421875 60.2314453125 26.7353515625 23.013671875 20.8984375 17.2392578125 18.169921875 9.6875 4.6806640625 2 0 20.8154296875 16.71875 12.7822265625 11.392578125 8.798828125 8.5283203125 8.2744140625 4.8603515625 5.1455078125 5.2392578125 4.7939453125 4.3447265625 2.9130859375 1.9619140625 1.8115234375 1.9912109375 1.6787109375 1.564453125 0.8359375 0.333984375 416.0537109375 20.8154296875 0 2.8125 2.28125 186.29296875 99.2265625 84.103515625 207.666015625 3.736328125 77.15625 102.2998046875 59.5732421875 74.32421875 0.9765625 14.9501953125 20.1015625 32.2265625 28.400390625 19.80859375 12.0888671875 1.8408203125 352.755859375 16.71875 2.8125 0.109375 6.01953125 180.28515625 98.38671875 85.236328125 193.77734375 6.232421875 75.63671875 97.837890625 59.052734375 71.1806640625 0.51953125 15.169921875 19.482421875 31.21875 27.4990234375 19.37109375 11.8671875 2.029296875 247.8505859375 12.7822265625 2.28125 6.01953125 0 103.48046875 56.6748046875 46.505859375 118.3759765625 1.97265625 40.6953125 54.025390625 32.9775390625 42.455078125 1.7880859375 8.923828125 12.1962890625 17.7607421875 15.4404296875 11.43359375 6.19140625 0.9228515625 117.9482421875 11.392578125 186.29296875 180.28515625 103.48046875 0.0009765625 4.52734375 4.2021484375 4.43359375 26.859375 2.6689453125 6.9833984375 0.7763671875 0.6953125 29.5283203125 3.349609375 2.8583984375 0.34765625 0.2294921875 0.7763671875 1.1220703125 0.544921875 105.2177734375 8.798828125 99.2265625 98.38671875 56.6748046875 4.52734375 0 0.58984375 10.669921875 12.6640625 5.703125 12.068359375 0.544921875 1.1904296875 15.3251953125 0.5419921875 0.478515625 1.162109375 1.3251953125 0.033203125 1.5625 0.2392578125 104.68359375 8.5283203125 84.103515625 85.236328125 46.505859375 4.2021484375 0.58984375 0 11.908203125 10.220703125 3.7998046875 9.2265625 0.322265625 1.8203125 13.5390625 0.6728515625 0.9248046875 0.9755859375 1.015625 0.2421875 1.0693359375 0.1220703125 70.6982421875 8.2744140625 207.666015625 193.77734375 118.3759765625 4.43359375 10.669921875 11.908203125 0 33.0703125 5.9697265625 8.2939453125 4.201171875 1.564453125 31.783203125 5.025390625 3.7021484375 1.1826171875 0.9267578125 1.6259765625 1.716796875 0.9765625 85.8369140625 4.8603515625 3.736328125 6.232421875 1.97265625 26.859375 12.6640625 10.220703125 33.0703125 -0 11.3642578125 16.4990234375 7.8818359375 10.7763671875 0.931640625 1.6826171875 2.6484375 4.68359375 4.2001953125 2.6337890625 1.8525390625 0.1787109375 56.421875 5.1455078125 77.15625 75.63671875 40.6953125 2.6689453125 5.703125 3.7998046875 5.9697265625 11.3642578125 -0 0.6923828125 1.4599609375 2.4423828125 12.9814453125 2.45703125 2.5986328125 0.4501953125 0.12109375 1.142578125 0.0732421875 0.205078125 54.09765625 5.2392578125 102.2998046875 97.837890625 54.025390625 6.9833984375 12.068359375 9.2265625 8.2939453125 16.4990234375 0.6923828125 -0 3.9873046875 4.8046875 17.1552734375 4.3916015625 4.451171875 1.119140625 0.4755859375 2.2939453125 0.0849609375 0.4140625 54.796875 4.7939453125 59.5732421875 59.052734375 32.9775390625 0.7763671875 0.544921875 0.322265625 4.201171875 7.8818359375 1.4599609375 3.9873046875 0 0.4833984375 9.5234375 0.71484375 0.712890625 0.27734375 0.2861328125 0.134765625 0.5078125 0.12109375 44.732421875 4.3447265625 74.32421875 71.1806640625 42.455078125 0.6953125 1.1904296875 1.8203125 1.564453125 10.7763671875 2.4423828125 4.8046875 0.4833984375 0 11.38671875 1.03125 0.6875 0.3330078125 0.3759765625 0.14453125 0.765625 0.2607421875 60.2314453125 2.9130859375 0.9765625 0.51953125 1.7880859375 29.5283203125 15.3251953125 13.5390625 31.783203125 0.931640625 12.9814453125 17.1552734375 9.5234375 11.38671875 -0 2.216796875 2.8779296875 5.1572265625 4.6123046875 3.01171875 2.1005859375 0.3349609375 26.7353515625 1.9619140625 14.9501953125 15.169921875 8.923828125 3.349609375 0.5419921875 0.6728515625 5.025390625 1.6826171875 2.45703125 4.3916015625 0.71484375 1.03125 2.216796875 -0 0.060546875 0.6748046875 0.7060546875 0.1259765625 0.54296875 0.0498046875 23.013671875 1.8115234375 20.1015625 19.482421875 12.1962890625 2.8583984375 0.478515625 0.9248046875 3.7021484375 2.6484375 2.5986328125 4.451171875 0.712890625 0.6875 2.8779296875 0.060546875 0 0.6142578125 0.66796875 0.076171875 0.6025390625 0.0908203125 20.8984375 1.9912109375 32.2265625 31.21875 17.7607421875 0.34765625 1.162109375 0.9755859375 1.1826171875 4.68359375 0.4501953125 1.119140625 0.27734375 0.3330078125 5.1572265625 0.6748046875 0.6142578125 0.109375 0.064453125 0.2119140625 0.1767578125 0.095703125 17.2392578125 1.6787109375 28.400390625 27.4990234375 15.4404296875 0.2294921875 1.3251953125 1.015625 0.9267578125 4.2001953125 0.12109375 0.4755859375 0.2861328125 0.3759765625 4.6123046875 0.7060546875 0.66796875 0.064453125 0 0.2470703125 0.0859375 0.083984375 18.169921875 1.564453125 19.80859375 19.37109375 11.43359375 0.7763671875 0.033203125 0.2421875 1.6259765625 2.6337890625 1.142578125 2.2939453125 0.134765625 0.14453125 3.01171875 0.1259765625 0.076171875 0.2119140625 0.2470703125 -0 0.3134765625 0.05859375 9.6875 0.8359375 12.0888671875 11.8671875 6.19140625 1.1220703125 1.5625 1.0693359375 1.716796875 1.8525390625 0.0732421875 0.0849609375 0.5078125 0.765625 2.1005859375 0.54296875 0.6025390625 0.1767578125 0.0859375 0.3134765625 -0 0.0380859375 4.6806640625 0.333984375 1.8408203125 2.029296875 0.9228515625 0.544921875 0.2392578125 0.1220703125 0.9765625 0.1787109375 0.205078125 0.4140625 0.12109375 0.2607421875 0.3349609375 0.0498046875 0.0908203125 0.095703125 0.083984375 0.05859375 0.0380859375 0
0 2 586.140625 240.7353515625 186.994140625 157.455078125 169.9306640625 175.224609375 122.26953125 83.33203125 73.564453125 38.5859375 24.8125 27.630859375 14.62890625 9.3046875 8.357421875 9.69921875 5.8583984375 5.3544921875 4.7255859375 0 2 0 45.4970703125 9.8486328125 8.0791015625 8.5654296875 7.5859375 7.2431640625 5.345703125 4.017578125 3.294921875 2.7197265625 2.03515625 1.0185546875 1.6337890625 0.865234375 0.5263671875 0.3037109375 0.3759765625 0.291015625 0.234375 0 586.140625 45.4970703125 23.046875 1044.375 746.55078125 1845.51953125 653.24609375 802.60546875 398.5078125 1130.609375 302.689453125 3.5224609375 13.3701171875 317.302734375 60.1357421875 82.578125 3.005859375 61.10546875 41.240234375 108.259765625 13.1572265625 0 240.7353515625 9.8486328125 1044.375 0 0.87890625 147.6328125 1.93359375 0.396484375 4.0322265625 96.3896484375 0.779296875 64.5107421875 71.68359375 19.6328125 31.0517578125 14.490234375 7.7216796875 1.0126953125 6.2802734375 13.5166015625 7.2265625 0 186.994140625 8.0791015625 746.55078125 0.87890625 0 120.205078125 0.197265625 1.15625 1.8046875 79.9931640625 0.185546875 46.4169921875 52.71875 17.1240234375 22.0205078125 10.646484375 5.36328125 1.15625 4.7421875 11.029296875 5.4599609375 0 157.455078125 8.5654296875 1845.51953125 147.6328125 120.205078125 0.109375 110.75 97.19140625 101.2177734375 3.3564453125 43.3486328125 121.443359375 110.48828125 3.703125 28.87890625 5.5458984375 18.6845703125 5.326171875 5.705078125 1.7958984375 13.427734375 0 169.9306640625 7.5859375 653.24609375 1.93359375 0.197265625 110.75 -0.0009765625 1.8837890625 1.4951171875 74.583984375 0.125 40.8525390625 46.861328125 16.38671875 18.923828125 9.28125 4.640625 1.2626953125 4.2333984375 10.220703125 4.94921875 0 175.224609375 7.2431640625 802.60546875 0.396484375 1.15625 97.19140625 1.8837890625 0 4.365234375 64.3544921875 0.52734375 49.9296875 54.7646484375 12.96875 22.494140625 9.9921875 6.076171875 0.6982421875 4.4619140625 9.2958984375 5.5830078125 0 122.26953125 5.345703125 398.5078125 4.0322265625 1.8046875 101.2177734375 1.4951171875 4.365234375 0.109375 65.7578125 1.203125 24.345703125 29.19921875 14.6640625 14.025390625 7.8544921875 2.6005859375 1.1181640625 3.3349609375 8.44921875 3.01953125 0 83.33203125 4.017578125 1130.609375 96.3896484375 79.9931640625 3.3564453125 74.583984375 64.3544921875 65.7578125 0 29.6064453125 73.515625 65.4033203125 1.1328125 19.814453125 4.625 11.6142578125 3.0185546875 3.705078125 0.50390625 7.7587890625 0 73.564453125 3.294921875 302.689453125 0.779296875 0.185546875 43.3486328125 0.125 0.52734375 1.203125 29.6064453125 0 19.044921875 21.4658203125 6.4453125 8.2294921875 3.80859375 2.2177734375 0.5068359375 1.7890625 4.173828125 2.279296875 0 38.5859375 2.7197265625 3.5224609375 64.5107421875 46.4169921875 121.443359375 40.8525390625 49.9296875 24.345703125 73.515625 19.044921875 0 0.6875 20.2041015625 4.814453125 5.8642578125 0.1591796875 3.7158203125 2.74609375 7.052734375 0.7119140625 0 24.8125 2.03515625 13.3701171875 71.68359375 52.71875 110.48828125 46.861328125 54.7646484375 29.19921875 65.4033203125 21.4658203125 0.6875 0 18.4013671875 4.498046875 5.3798828125 0.498046875 3.75390625 2.587890625 5.935546875 0.666015625 0 27.630859375 1.0185546875 317.302734375 19.6328125 17.1240234375 3.703125 16.38671875 12.96875 14.6640625 1.1328125 6.4453125 20.2041015625 18.4013671875 0 6.626953125 1.912109375 3.115234375 0.4658203125 1.1142578125 0.3740234375 2.017578125 0 14.62890625 1.6337890625 60.1357421875 31.0517578125 22.0205078125 28.87890625 18.923828125 22.494140625 14.025390625 19.814453125 8.2294921875 4.814453125 4.498046875 6.626953125 0 0.5078125 0.78515625 1.8349609375 0.76953125 1.9189453125 1.0234375 0 9.3046875 0.865234375 82.578125 14.490234375 10.646484375 5.5458984375 9.28125 9.9921875 7.8544921875 4.625 3.80859375 5.8642578125 5.3798828125 1.912109375 0.5078125 0 0.9052734375 0.775390625 0.345703125 0.5048828125 0.837890625 0 8.357421875 0.5263671875 3.005859375 7.7216796875 5.36328125 18.6845703125 4.640625 6.076171875 2.6005859375 11.6142578125 2.2177734375 0.1591796875 0.498046875 3.115234375 0.78515625 0.9052734375 -0 0.51171875 0.4189453125 1.1845703125 0.138671875 0 9.69921875 0.3037109375 61.10546875 1.0126953125 1.15625 5.326171875 1.2626953125 0.6982421875 1.1181640625 3.0185546875 0.5068359375 3.7158203125 3.75390625 0.4658203125 1.8349609375 0.775390625 0.51171875 0 0.3154296875 0.4384765625 0.3544921875 0 5.8583984375 0.3759765625 41.240234375 6.2802734375 4.7421875 5.705078125 4.2333984375 4.4619140625 3.3349609375 3.705078125 1.7890625 2.74609375 2.587890625 1.1142578125 0.76953125 0.345703125 0.4189453125 0.3154296875 0.25 0.4033203125 0.35546875 0 5.3544921875 0.291015625 108.259765625 13.5166015625 11.029296875 1.7958984375 10.220703125 9.2958984375 8.44921875 0.50390625 4.173828125 7.052734375 5.935546875 0.3740234375 1.9189453125 0.5048828125 1.1845703125 0.4384765625 0.4033203125 0 0.7412109375 0 4.7255859375 0.234375 13.1572265625 7.2265625 5.4599609375 13.427734375 4.94921875 5.5830078125 3.01953125 7.7587890625 2.279296875 0.7119140625 0.666015625 2.017578125 1.0234375 0.837890625 0.138671875 0.3544921875 0.35546875 0.7412109375 0.109375 0 0 0 0 0 0 0 0 0 0 0 0 0 0 0 0 0 0 0 0 0 0 0
0 2 222.0546875 112.380859375 59.8095703125 44.658203125 25.6806640625 23.58203125 16.3330078125 18.0244140625 13.9296875 15.9384765625 11.8623046875 5.1640625 4.2861328125 4.7431640625 2.6484375 3.5205078125 4.240234375 1.494140625 2.8271484375 1.28515625 2 0 256.3076171875 134.5654296875 71.486328125 53.6142578125 28.94140625 24.6025390625 24.5634765625 18.744140625 19.046875 14.4765625 13.607421875 8.6015625 8.4189453125 6.19921875 7.708984375 5.3037109375 2.7978515625 5.4228515625 2.2255859375 3.736328125 222.0546875 256.3076171875 0.1171875 315.81640625 196.44921875 113.763671875 437.0400390625 767.3916015625 460.916015625 179.2607421875 771.19921875 539.86328125 2.271484375 133.92578125 150.7158203125 3.41796875 252.4091796875 197.82421875 97.42578125 139.40625 13.3564453125 84.5107421875 112.380859375 134.5654296875 315.81640625 0.107421875 0.6328125 0.189453125 412.640625 639.7568359375 402.2353515625 26.62109375 584.287109375 438.88671875 26.806640625 117.42578125 120.763671875 4.515625 91.3798828125 149.84375 78.8857421875 83.9345703125 7.30859375 31.3857421875 59.8095703125 71.486328125 196.44921875 0.6328125 0.0009765625 0.62109375 229.197265625 352.0546875 222.69921875 12.166015625 319.95703125 240.9736328125 16.15625 65.1533203125 66.7158203125 2.9072265625 47.458984375 82.099609375 43.2509765625 45.6044921875 3.98046875 16.4423828125 44.658203125 53.6142578125 113.763671875 0.189453125 0.62109375 0 159.8935546875 249.3359375 156.05078125 11.5966796875 228.310546875 171.326171875 9.861328125 45.4794921875 46.88671875 1.578125 36.806640625 58.5234375 30.849609375 32.90625 2.8935546875 12.5693359375 25.6806640625 28.94140625 437.0400390625 412.640625 229.197265625 159.8935546875 23.0400390625 23.03125 16.7490234375 96.3447265625 29.8486328125 18.1884765625 19.3076171875 6.4912109375 9.123046875 12.1826171875 55.5537109375 7.916015625 5.9443359375 15.6044921875 7.8525390625 19.830078125 23.58203125 24.6025390625 767.3916015625 639.7568359375 352.0546875 249.3359375 23.03125 0 10.4169921875 134.9921875 6.1748046875 0.943359375 35.154296875 6.2412109375 8.8173828125 20.6396484375 67.087890625 2.224609375 3.9345703125 16.7490234375 11.462890625 24.9208984375 16.3330078125 24.5634765625 460.916015625 402.2353515625 222.69921875 156.05078125 16.7490234375 10.4169921875 0 93.8046875 7.7431640625 11.806640625 20.80859375 0.3603515625 1.205078125 11.5439453125 41.224609375 1.6025390625 6.74609375 6.87109375 9.0673828125 14.1513671875 18.0244140625 18.744140625 179.2607421875 26.62109375 12.166015625 11.5966796875 96.3447265625 134.9921875 93.8046875 0 120.103515625 89.587890625 12.181640625 28.484375 28.6435546875 3.609375 13.314453125 31.2177734375 15.3427734375 17.9970703125 1.3056640625 5.484375 13.9296875 19.046875 771.19921875 584.287109375 319.95703125 228.310546875 29.8486328125 6.1748046875 7.7431640625 120.103515625 0 6.330078125 36.5185546875 4.33984375 4.88671875 19.265625 48.2392578125 0.0966796875 6.2314453125 9.373046875 11.8095703125 17.84765625 15.9384765625 14.4765625 539.86328125 438.88671875 240.9736328125 171.326171875 18.1884765625 0.943359375 11.806640625 89.587890625 6.330078125 -0 24.9833984375 6.146484375 8.08984375 14.693359375 46.1572265625 2.298828125 1.9228515625 12.9052734375 7.3642578125 17.5166015625 11.8623046875 13.607421875 2.271484375 26.806640625 16.15625 9.861328125 19.3076171875 35.154296875 20.80859375 12.181640625 36.5185546875 24.9833984375 0 6.0625 7.0654296875 0.34765625 14.638671875 9.37109375 4.5693359375 7.1806640625 0.8251953125 4.9072265625 5.1640625 8.6015625 133.92578125 117.42578125 65.1533203125 45.4794921875 6.4912109375 6.2412109375 0.3603515625 28.484375 4.33984375 6.146484375 6.0625 0 0.13671875 3.2177734375 11.9951171875 0.8994140625 2.7490234375 1.724609375 2.9111328125 3.96875 4.2861328125 8.4189453125 150.7158203125 120.763671875 66.7158203125 46.88671875 9.123046875 8.8173828125 1.205078125 28.6435546875 4.88671875 8.08984375 7.0654296875 0.13671875 0 3.419921875 10.4033203125 0.96875 3.375 1.0673828125 3.197265625 3.369140625 4.7431640625 6.19921875 3.41796875 4.515625 2.9072265625 1.578125 12.1826171875 20.6396484375 11.5439453125 3.609375 19.265625 14.693359375 0.34765625 3.2177734375 3.419921875 0 4.626953125 4.8720703125 2.8486328125 2.7763671875 0.45703125 1.45703125 2.6484375 7.708984375 252.4091796875 91.3798828125 47.458984375 36.806640625 55.5537109375 67.087890625 41.224609375 13.314453125 48.2392578125 46.1572265625 14.638671875 11.9951171875 10.4033203125 4.626953125 0 12.0986328125 10.2451171875 3.615234375 3.4814453125 0.158203125 3.5205078125 5.3037109375 197.82421875 149.84375 82.099609375 58.5234375 7.916015625 2.224609375 1.6025390625 31.2177734375 0.0966796875 2.298828125 9.37109375 0.8994140625 0.96875 4.8720703125 12.0986328125 -0 1.8662109375 2.109375 3.1494140625 4.4130859375 4.240234375 2.7978515625 97.42578125 78.8857421875 43.2509765625 30.849609375 5.9443359375 3.9345703125 6.74609375 15.3427734375 6.2314453125 1.9228515625 4.5693359375 2.7490234375 3.375 2.8486328125 10.2451171875 1.8662109375 0.25 4.03125 1.0263671875 4.0166015625 1.494140625 5.4228515625 139.40625 83.9345703125 45.6044921875 32.90625 15.6044921875 16.7490234375 6.87109375 17.9970703125 9.373046875 12.9052734375 7.1806640625 1.724609375 1.0673828125 2.7763671875 3.615234375 2.109375 4.03125 0.109375 2.630859375 1.0712890625 2.8271484375 2.2255859375 13.3564453125 7.30859375 3.98046875 2.8935546875 7.8525390625 11.462890625 9.0673828125 1.3056640625 11.8095703125 7.3642578125 0.8251953125 2.9111328125 3.197265625 0.45703125 3.4814453125 3.1494140625 1.0263671875 2.630859375 -0 1.37109375 1.28515625 3.736328125 84.5107421875 31.3857421875 16.4423828125 12.5693359375 19.830078125 24.9208984375 14.1513671875 5.484375 17.84765625 17.5166015625 4.9072265625 3.96875 3.369140625 1.45703125 0.158203125 4.4130859375 4.0166015625 1.0712890625 1.37109375 0
0 2 328.310546875 59.015625 67.193359375 42.4365234375 17.1513671875 11.572265625 4.111328125 2.2529296875 0 0 0 0 0 0 0 0 0 0 0 0 2 0 267.7587890625 77.0986328125 63.0166015625 38.5283203125 14.2734375 6.111328125 1.97265625 0.4921875 0 0 0 0 0 0 0 0 0 0 0 0 328.310546875 267.7587890625 23.03125 1429.1328125 800.30078125 561.69921875 147.1962890625 61.37109375 30.23828125 106.650390625 0 0 0 0 0 0 0 0 0 0 0 0 59.015625 77.0986328125 1429.1328125 0 60.974609375 45.525390625 27.9599609375 83.466796875 31.60546875 31.6435546875 0 0 0 0 0 0 0 0 0 0 0 0 67.193359375 63.0166015625 800.30078125 60.974609375 -0.0009765625 1.181640625 2.216796875 43.708984375 16.490234375 20.474609375 0 0 0 0 0 0 0 0 0 0 0 0 42.4365234375 38.5283203125 561.69921875 45.525390625 1.181640625 0.25 1.4375 27.7333984375 10.2998046875 12.001953125 0 0 0 0 0 0 0 0 0 0 0 0 17.1513671875 14.2734375 147.1962890625 27.9599609375 2.216796875 1.4375 0 7.513671875 2.841796875 4.2802734375 0 0 0 0 0 0 0 0 0 0 0 0 11.572265625 6.111328125 61.37109375 83.466796875 43.708984375 27.7333984375 7.513671875 0.109375 0.05078125 1.8955078125 0 0 0 0 0 0 0 0 0 0 0 0 4.111328125 1.97265625 30.23828125 31.60546875 16.490234375 10.2998046875 2.841796875 0.05078125 0 0.55078125 0 0 0 0 0 0 0 0 0 0 0 0 2.2529296875 0.4921875 106.650390625 31.6435546875 20.474609375 12.001953125 4.2802734375 1.8955078125 0.55078125 -0 0 0 0 0 0 0 0 0 0 0 0 0 0 0 0 0 0 0 0 0 0 0 0 0 0 0 0 0 0 0 0 0 0 0 0 0 0 0 0 0 0 0 0 0 0 0 0 0 0 0 0 0 0 0 0 0 0 0 0 0 0 0 0 0 0 0 0 0 0 0 0 0 0 0 0 0 0 0 0 0 0 0 0 0 0 0 0 0 0 0 0 0 0 0 0 0 0 0 0 0 0 0 0 0 0 0 0 0 0 0 0 0 0 0 0 0 0 0 0 0 0 0 0 0 0 0 0 0 0 0 0 0 0 0 0 0 0 0 0 0 0 0 0 0 0 0 0 0 0 0 0 0 0 0 0 0 0 0 0 0 0 0 0 0 0 0 0 0 0 0 0 0 0 0 0 0 0 0 0 0 0 0 0 0 0 0 0 0 0 0 0 0 0 0 0 0 0 0 0 0 0 0 0 0 0 0 0 0 0 0 0 0 0 0 0 0 0 0 0 0 0 0 0 0 0 0 0 0 0 0 0 0 0 0 0 0 0 0 0 0 0 0 0 0 0 0 0 0 0 0 0 0 0 0 0 0 0 0 0 0 0 0 0 0 0 0 0 0 0 0 0 0 0 0 0 0
0 2 127.921875 99.1865234375 43.7490234375 35.4755859375 29.1591796875 15.35546875 14.134765625 11.9609375 9.330078125 10.53515625 9.3828125 6.09765625 4.06640625 1.69140625 2.4658203125 1.6953125 0.5576171875 0.203125 0 0 2 0 95.4072265625 66.2841796875 30.3046875 23.236328125 20.45703125 11.298828125 9.61328125 7.3408203125 7.1455078125 5.2841796875 5.765625 3.80859375 3.6484375 1.697265625 1.01953125 1.177734375 1.75390625 0.111328125 0 0 127.921875 95.4072265625 2.25 1022.865234375 448.0703125 363.34765625 374.697265625 122.3447265625 182.833984375 12.07421875 82.931640625 17.5634765625 174.6015625 2.8076171875 44.5439453125 3.2265625 23.3076171875 0.1181640625 31.72265625 0.978515625 0 0 99.1865234375 66.2841796875 1022.865234375 0 0.501953125 0.1171875 3.75390625 3.591796875 1.626953125 51.91015625 2.2802734375 66.4208984375 10.271484375 53.6513671875 3.5068359375 12.056640625 3.900390625 13.3076171875 28.427734375 0.2421875 0 0 43.7490234375 30.3046875 448.0703125 0.501953125 0 0.416015625 1.6513671875 1.1435546875 0.841796875 23.1015625 0.650390625 30.0693359375 5.0673828125 23.84765625 1.2109375 5.1025390625 1.9990234375 5.86328125 12.1787109375 0.115234375 0 0 35.4755859375 23.236328125 363.34765625 0.1171875 0.416015625 0 1.5546875 1.4609375 0.6328125 18.23046875 0.9736328125 23.1728515625 3.578125 18.921875 1.41015625 4.3623046875 1.271484375 4.7119140625 10.3076171875 0.0810546875 0 0 29.1591796875 20.45703125 374.697265625 3.75390625 1.6513671875 1.5546875 0.25 2.439453125 0.09765625 20.6162109375 1.232421875 25.1171875 1.908203125 19.5869140625 1.0322265625 4.28515625 1.5859375 4.9013671875 8.4599609375 0.1220703125 0 0 15.35546875 11.298828125 122.3447265625 3.591796875 1.1435546875 1.4609375 2.439453125 0 1.3056640625 6.1416015625 0.041015625 8.9619140625 3.34375 6.8876953125 0.2880859375 1.2783203125 0.8740234375 1.625 3.890625 0.033203125 0 0 14.134765625 9.61328125 182.833984375 1.626953125 0.841796875 0.6328125 0.09765625 1.3056640625 0 9.955078125 0.6962890625 11.9765625 0.7578125 9.4580078125 0.5947265625 2.1416015625 0.689453125 2.3818359375 4.2041015625 0.056640625 0 0 11.9609375 7.3408203125 12.07421875 51.91015625 23.1015625 18.23046875 20.6162109375 6.1416015625 9.955078125 0.109375 4.40625 0.6923828125 10.1552734375 0.6162109375 2.7431640625 0.4912109375 1.0263671875 0.126953125 3.3134765625 0.0302734375 0 0 9.330078125 7.1455078125 82.931640625 2.2802734375 0.650390625 0.9736328125 1.232421875 0.041015625 0.6962890625 4.40625 0 6.2431640625 1.923828125 4.6826171875 0.1044921875 0.8330078125 0.619140625 1.107421875 2.3193359375 0.02734375 0 0 10.53515625 5.2841796875 17.5634765625 66.4208984375 30.0693359375 23.1728515625 25.1171875 8.9619140625 11.9765625 0.6923828125 6.2431640625 0.109375 10.82421875 0.3701171875 3.751953125 0.8193359375 0.9736328125 0.158203125 3.4462890625 0.0439453125 0 0 9.3828125 5.765625 174.6015625 10.271484375 5.0673828125 3.578125 1.908203125 3.34375 0.7578125 10.1552734375 1.923828125 10.82421875 0 8.5693359375 1.12109375 2.2099609375 0.548828125 2.2490234375 3.32421875 0.0703125 0 0 6.09765625 3.80859375 2.8076171875 53.6513671875 23.84765625 18.921875 19.5869140625 6.8876953125 9.4580078125 0.6162109375 4.6826171875 0.3701171875 8.5693359375 0 2.5927734375 0.3359375 1.0107421875 0.015625 1.7919921875 0.046875 0 0 4.06640625 3.6484375 44.5439453125 3.5068359375 1.2109375 1.41015625 1.0322265625 0.2880859375 0.5947265625 2.7431640625 0.1044921875 3.751953125 1.12109375 2.5927734375 0 0.3857421875 0.4658203125 0.6083984375 0.896484375 0.0244140625 0 0 1.69140625 1.697265625 3.2265625 12.056640625 5.1025390625 4.3623046875 4.28515625 1.2783203125 2.1416015625 0.4912109375 0.8330078125 0.8193359375 2.2099609375 0.3359375 0.3857421875 -0 0.400390625 0.0576171875 0.2880859375 0.0166015625 0 0 2.4658203125 1.01953125 23.3076171875 3.900390625 1.9990234375 1.271484375 1.5859375 0.8740234375 0.689453125 1.0263671875 0.619140625 0.9736328125 0.548828125 1.0107421875 0.4658203125 0.400390625 0 0.2822265625 0.9189453125 0.00390625 0 0 1.6953125 1.177734375 0.1181640625 13.3076171875 5.86328125 4.7119140625 4.9013671875 1.625 2.3818359375 0.126953125 1.107421875 0.158203125 2.2490234375 0.015625 0.6083984375 0.0576171875 0.2822265625 0 0.4482421875 0.01171875 0 0 0.5576171875 1.75390625 31.72265625 28.427734375 12.1787109375 10.3076171875 8.4599609375 3.890625 4.2041015625 3.3134765625 2.3193359375 3.4462890625 3.32421875 1.7919921875 0.896484375 0.2880859375 0.9189453125 0.4482421875 0 0.0615234375 0 0 0.203125 0.111328125 0.978515625 0.2421875 0.115234375 0.0810546875 0.1220703125 0.033203125 0.056640625 0.0302734375 0.02734375 0.0439453125 0.0703125 0.046875 0.0244140625 0.0166015625 0.00390625 0.01171875 0.0615234375 0 0 0 0 0 0 0 0 0 0 0 0 0 0 0 0 0 0 0 0 0 0 0 0 0 0 0 0 0 0 0 0 0 0 0 0 0 0 0 0 0 0 0 0 0 0 0
0 2 155.1962890625 62.587890625 24.755859375 34.50390625 18.685546875 19.0654296875 3.2646484375 1.9033203125 1.548828125 0 0 0 0 0 0 0 0 0 0 0 2 0 346.4169921875 145.2021484375 58.169921875 27.0869140625 40.5048828125 15.666015625 3.076171875 2.654296875 3.0341796875 0 0 0 0 0 0 0 0 0 0 0 155.1962890625 346.4169921875 2.25 5.00390625 8.310546875 1123.068359375 1.2685546875 591.986328125 69.3974609375 101.2490234375 3.857421875 0 0 0 0 0 0 0 0 0 0 0 62.587890625 145.2021484375 5.00390625 -0.001953125 1.51953125 496.587890625 1.5537109375 262.31640625 31.1953125 43.3837890625 1.75 0 0 0 0 0 0 0 0 0 0 0 24.755859375 58.169921875 8.310546875 1.51953125 -0 208.8857421875 1.115234375 110.7451171875 12.861328125 18.7841796875 0.5458984375 0 0 0 0 0 0 0 0 0 0 0 34.50390625 27.0869140625 1123.068359375 496.587890625 208.8857421875 0 128.58984375 0.3671875 2.142578125 8.0439453125 9.99609375 0 0 0 0 0 0 0 0 0 0 0 18.685546875 40.5048828125 1.2685546875 1.5537109375 1.115234375 128.58984375 -0 67.8125 7.685546875 12.212890625 0.3359375 0 0 0 0 0 0 0 0 0 0 0 19.0654296875 15.666015625 591.986328125 262.31640625 110.7451171875 0.3671875 67.8125 0.25 1.19140625 4.234375 5.3330078125 0 0 0 0 0 0 0 0 0 0 0 3.2646484375 3.076171875 69.3974609375 31.1953125 12.861328125 2.142578125 7.685546875 1.19140625 0 1.3056640625 0.5068359375 0 0 0 0 0 0 0 0 0 0 0 1.9033203125 2.654296875 101.2490234375 43.3837890625 18.7841796875 8.0439453125 12.212890625 4.234375 1.3056640625 0 1.1865234375 0 0 0 0 0 0 0 0 0 0 0 1.548828125 3.0341796875 3.857421875 1.75 0.5458984375 9.99609375 0.3359375 5.3330078125 0.5068359375 1.1865234375 0 0 0 0 0 0 0 0 0 0 0 0 0 0 0 0 0 0 0 0 0 0 0 0 0 0 0 0 0 0 0 0 0 0 0 0 0 0 0 0 0 0 0 0 0 0 0 0 0 0 0 0 0 0 0 0 0 0 0 0 0 0 0 0 0 0 0 0 0 0 0 0 0 0 0 0 0 0 0 0 0 0 0 0 0 0 0 0 0 0 0 0 0 0 0 0 0 0 0 0 0 0 0 0 0 0 0 0 0 0 0 0 0 0 0 0 0 0 0 0 0 0 0 0 0 0 0 0 0 0 0 0 0 0 0 0 0 0 0 0 0 0 0 0 0 0 0 0 0 0 0 0 0 0 0 0 0 0 0 0 0 0 0 0 0 0 0 0 0 0 0 0 0 0 0 0 0 0 0 0 0 0 0 0 0 0 0 0 0 0 0 0 0 0 0 0 0 0 0 0 0 0 0 0 0 0 0 0 0 0 0 0 0 0 0 0 0 0 0 0 0 0 0 0 0 0 0 0 0 0 0 0 0 0 0 0 0 0 0 0 0 0 0 0 0 0 0 0 0 0 0 0 0 0
0 2 265.693359375 81.560546875 9.1533203125 7.8935546875 4.1572265625 3.224609375 2.955078125 2.419921875 0.6630859375 0.3154296875 0 0 0 0 0 0 0 0 0 0 2 0 222.451171875 158.3232421875 12.939453125 8.927734375 7.6044921875 6.15625 6.3662109375 2.95703125 0.30859375 0.6142578125 0 0 0 0 0 0 0 0 0 0 265.693359375 222.451171875 2.25 2757.13671875 142.64453125 24.2177734375 113.484375 144.431640625 129.1689453125 17.7734375 10.1591796875 26.0537109375 0 0 0 0 0 0 0 0 0 0 81.560546875 158.3232421875 2757.13671875 0.25 17.482421875 40.759765625 19.9267578125 50.513671875 0.6943359375 8.1875 14.4365234375 4.3212890625 0 0 0 0 0 0 0 0 0 0 9.1533203125 12.939453125 142.64453125 17.482421875 0 1.8115234375 3.3125 6.6171875 1.1494140625 0.1298828125 0.8134765625 0.3740234375 0 0 0 0 0 0 0 0 0 0 7.8935546875 8.927734375 24.2177734375 40.759765625 1.8115234375 -0 1.8232421875 3.4365234375 2.087890625 0.140625 0.5302734375 0.6416015625 0 0 0 0 0 0 0 0 0 0 4.1572265625 7.6044921875 113.484375 19.9267578125 3.3125 1.8232421875 -0 0.5146484375 0.775390625 0.751953125 0.8408203125 0.5322265625 0 0 0 0 0 0 0 0 0 0 3.224609375 6.15625 144.431640625 50.513671875 6.6171875 3.4365234375 0.5146484375 0 1.8828125 1.4619140625 0.9013671875 0.6953125 0 0 0 0 0 0 0 0 0 0 2.955078125 6.3662109375 129.1689453125 0.6943359375 1.1494140625 2.087890625 0.775390625 1.8828125 -0 0.4697265625 0.63671875 0.1748046875 0 0 0 0 0 0 0 0 0 0 2.419921875 2.95703125 17.7734375 8.1875 0.1298828125 0.140625 0.751953125 1.4619140625 0.4697265625 0 0.162109375 0.1357421875 0 0 0 0 0 0 0 0 0 0 0.6630859375 0.30859375 10.1591796875 14.4365234375 0.8134765625 0.5302734375 0.8408203125 0.9013671875 0.63671875 0.162109375 0 0.0595703125 0 0 0 0 0 0 0 0 0 0 0.3154296875 0.6142578125 26.0537109375 4.3212890625 0.3740234375 0.6416015625 0.5322265625 0.6953125 0.1748046875 0.1357421875 0.0595703125 0 0 0 0 0 0 0 0 0 0 0 0 0 0 0 0 0 0 0 0 0 0 0 0 0 0 0 0 0 0 0 0 0 0 0 0 0 0 0 0 0 0 0 0 0 0 0 0 0 0 0 0 0 0 0 0 0 0 0 0 0 0 0 0 0 0 0 0 0 0 0 0 0 0 0 0 0 0 0 0 0 0 0 0 0 0 0 0 0 0 0 0 0 0 0 0 0 0 0 0 0 0 0 0 0 0 0 0 0 0 0 0 0 0 0 0 0 0 0 0 0 0 0 0 0 0 0 0 0 0 0 0 0 0 0 0 0 0 0 0 0 0 0 0 0 0 0 0 0 0 0 0 0 0 0 0 0 0 0 0 0 0 0 0 0 0 0 0 0 0 0 0 0 0 0 0 0 0 0 0 0 0 0 0 0 0 0 0 0 0 0 0 0 0 0 0 0 0 0 0 0 0 0 0 0 0 0 0 0 0 0 0 0 0 0 0 0 0 0 0 0 0 0 0 0 0 0 0 0 0 0
