1.063517089843750000e+03 9.490131225585937500e+02 2.585589599609375000e+02 -3.930652160644531250e+02
1.030468139648437500e+03 5.062449340820312500e+02 -8.802339477539062500e+02 1.548942108154296875e+02
1.026928344726562500e+03 9.983214721679687500e+02 -1.666254272460937500e+02 -3.158042907714843750e+01
1.240864501953125000e+03 -7.403057250976562500e+02 6.851510009765625000e+02 7.012014770507812500e+02
1.227198486328125000e+03 -6.018037109375000000e+02 -8.655373535156250000e+02 6.221929931640625000e+02
1.163594238281250000e+03 -8.244344482421875000e+02 -6.963349609375000000e+02 -4.287077331542968750e+02
1.199088989257812500e+03 -9.046292724609375000e+02 3.616375427246093750e+02 -6.777813720703125000e+02
9.474942626953125000e+02 -2.147778930664062500e+02 -9.022348632812500000e+02 -1.812413330078125000e+02
1.111501831054687500e+03 1.084674926757812500e+03 2.347621612548828125e+02 -3.443215179443359375e+01
1.876283569335937500e+03 1.334571533203125000e+03 -1.270504394531250000e+03 3.287373352050781250e+02
1.003908447265625000e+03 9.704860229492187500e+02 1.427678070068359375e+02 2.119850463867187500e+02
1.202952026367187500e+03 7.032750244140625000e+02 7.194428100585937500e+02 6.533770751953125000e+02
1.510704345703125000e+03 8.002296752929687500e+02 6.031242065429687500e+02 1.127874755859375000e+03
1.050934692382812500e+03 8.765758056640625000e+02 5.052640991210937500e+02 -2.687471008300781250e+02
1.176707519531250000e+03 9.478142089843750000e+02 -3.596681213378906250e+02 -5.902835083007812500e+02
1.233717773437500000e+03 -1.057107055664062500e+03 4.313882141113281250e+02 4.587169799804687500e+02
1.465865478515625000e+03 -3.291396484375000000e+02 -1.075687622070312500e+03 -9.237472534179687500e+02
2.076805419921875000e+03 1.418547607421875000e+03 4.511457443237304688e+01 -1.497303710937500000e+03
1.083753173828125000e+03 -3.587886657714843750e+02 1.008248596191406250e+03 -1.442065887451171875e+02
1.249842895507812500e+03 3.979678039550781250e+02 9.359977416992187500e+02 7.186885986328125000e+02
1.596404541015625000e+03 9.789346923828125000e+02 1.235008468627929688e+02 1.251743041992187500e+03
1.209600830078125000e+03 9.812294921875000000e+02 5.199297485351562500e+02 4.754676208496093750e+02
1.984101806640625000e+03 1.351459594726562500e+03 -1.320008911132812500e+03 -5.936660766601562500e+02
1.046453002929687500e+03 7.173014526367187500e+02 7.383143310546875000e+02 -1.697101593017578125e+02
1.091804687500000000e+03 -6.727211303710937500e+02 -8.165015258789062500e+02 -2.322316894531250000e+02
1.365484008789062500e+03 -8.966289672851562500e+02 3.722075805664062500e+02 -9.426173095703125000e+02
1.223375244140625000e+03 9.757535400390625000e+02 3.675580749511718750e+02 6.348505859375000000e+02
1.101437500000000000e+03 8.896632080078125000e+02 -4.682984924316406250e+02 4.432764282226562500e+02
1.421044433593750000e+03 8.632471923828125000e+02 9.421126708984375000e+02 -6.165239257812500000e+02
1.181771362304687500e+03 8.000493774414062500e+02 8.248304443359375000e+02 -2.631933288574218750e+02
1.041032226562500000e+03 9.545501708984375000e+02 3.403968811035156250e+02 2.196912078857421875e+02
1.658144897460937500e+03 -1.014216842651367188e+02 9.552078857421875000e+02 -1.350728881835937500e+03
1.290326171875000000e+03 -4.176459350585937500e+02 -1.066665161132812500e+03 -5.908420410156250000e+02
1.242525878906250000e+03 -3.080418701171875000e+02 -9.435239257812500000e+02 7.424119262695312500e+02
2.364786132812500000e+03 -9.257747802734375000e+02 -3.802058105468750000e+02 2.140984375000000000e+03
1.467607421875000000e+03 -9.082680664062500000e+02 -9.275111083984375000e+02 6.708316040039062500e+02
1.666516235351562500e+03 -5.172232055664062500e+01 -1.000474609375000000e+03 1.329474121093750000e+03
1.327568237304687500e+03 -8.904675292968750000e+02 -6.989313964843750000e+02 -6.871713256835937500e+02
1.060381103515625000e+03 2.503632049560546875e+02 9.764030151367187500e+02 2.823700561523437500e+02
1.313715820312500000e+03 1.147554473876953125e+02 9.911526489257812500e+02 -8.544889526367187500e+02
1.176597167968750000e+03 1.130567504882812500e+03 2.894757385253906250e+02 -1.284200744628906250e+02
9.979261474609375000e+02 8.076084594726562500e+02 4.735492553710937500e+02 3.228155822753906250e+02
1.022526306152343750e+03 3.091386108398437500e+02 9.710580444335937500e+02 -7.495290374755859375e+01
1.005289001464843750e+03 7.522120971679687500e+02 5.419673461914062500e+02 3.841044006347656250e+02
1.789687988281250000e+03 -2.163958311080932617e+00 -1.056136596679687500e+03 1.443670898437500000e+03
1.131483154296875000e+03 -9.534393310546875000e+02 -4.898953857421875000e+02 3.609092102050781250e+02
1.039167602539062500e+03 9.627313232421875000e+02 -3.757660217285156250e+02 -7.400375366210937500e+01
1.109077148437500000e+03 3.985439453125000000e+02 -9.986459960937500000e+02 2.553688354492187500e+02
1.419946899414062500e+03 1.208418701171875000e+03 5.565233764648437500e+02 -4.803690185546875000e+02
1.868579711914062500e+03 4.667865600585937500e+02 8.502017822265625000e+02 1.596699096679687500e+03
1.700296264648437500e+03 -8.361700439453125000e+02 6.045343627929687500e+02 1.348881469726562500e+03
9.933295898437500000e+02 -8.110131225585937500e+02 -5.663021240234375000e+02 4.311250305175781250e+01
1.251639038085937500e+03 3.900220031738281250e+02 -9.784461059570312500e+02 -6.751488037109375000e+02
1.133391113281250000e+03 -5.929006347656250000e+02 -8.884310302734375000e+02 3.779384765625000000e+02
1.376225341796875000e+03 -3.299208831787109375e+01 -1.140849853515625000e+03 -7.559987182617187500e+02
1.220922851562500000e+03 3.512253723144531250e+02 1.084235107421875000e+03 -4.211106567382812500e+02
1.087184204101562500e+03 -6.871629638671875000e+02 -8.012207641601562500e+02 -2.440596923828125000e+02
1.139169799804687500e+03 9.615372314453125000e+02 -6.062506103515625000e+02 -3.236404037475585938e+01
1.957414062500000000e+03 1.759526245117187500e+03 -7.045042114257812500e+02 -4.509303283691406250e+02
1.322238525390625000e+03 1.124674926757812500e+03 -2.140661048889160156e+01 6.917003784179687500e+02
9.434075317382812500e+02 -8.441181640625000000e+02 -1.060882797241210938e+02 -3.742090454101562500e+02
1.062987426757812500e+03 -7.691428222656250000e+02 -6.900745239257812500e+02 -2.345392150878906250e+02
1.247399658203125000e+03 1.977891082763671875e+02 9.608559570312500000e+02 -7.646010742187500000e+02
1.158419799804687500e+03 -9.170133209228515625e+01 1.068356811523437500e+03 -4.058559875488281250e+02
1.166096069335937500e+03 8.388577880859375000e+02 -5.796067504882812500e+02 -5.600567626953125000e+02
9.619117431640625000e+02 -3.980832519531250000e+02 -8.498251953125000000e+02 1.375718383789062500e+02
1.498610595703125000e+03 1.045206420898437500e+03 1.529966278076171875e+02 1.061100830078125000e+03
1.688218383789062500e+03 -7.061738371849060059e-01 -9.971730346679687500e+02 1.361119018554687500e+03
1.371687500000000000e+03 -6.602701416015625000e+02 -6.003090820312500000e+02 1.022249450683593750e+03
1.088150390625000000e+03 -9.722606201171875000e+02 -7.706078338623046875e+01 4.822781066894531250e+02
1.073353759765625000e+03 5.805670166015625000e+02 -7.925130615234375000e+02 3.969462585449218750e+02
1.172927490234375000e+03 -3.116849975585937500e+02 9.696645507812500000e+02 -5.559571533203125000e+02
1.062646728515625000e+03 6.676671142578125000e+02 7.820946655273437500e+02 -2.509537353515625000e+02
1.074401733398437500e+03 -9.287351074218750000e+02 5.094753723144531250e+02 1.037043838500976562e+02
1.165845336914062500e+03 -8.208067016601562500e+02 5.702650146484375000e+02 -5.956421508789062500e+02
9.882730102539062500e+02 -2.826327819824218750e+02 9.163017578125000000e+02 1.540412902832031250e+02
1.507961303710937500e+03 2.645239562988281250e+02 9.731216430664062500e+02 -1.107832275390625000e+03
1.093750488281250000e+03 9.916641845703125000e+02 -3.256278991699218750e+02 3.157627258300781250e+02
1.130031494140625000e+03 9.724879760742187500e+02 3.029053039550781250e+02 -4.810437011718750000e+02
1.285239746093750000e+03 -2.827246093750000000e+02 1.085843750000000000e+03 -6.219707031250000000e+02
1.524492919921875000e+03 9.934916992187500000e+02 -3.708399200439453125e+01 1.153390136718750000e+03
1.647401489257812500e+03 -9.924404907226562500e+02 -7.660206604003906250e+01 -1.309642578125000000e+03
1.214414672851562500e+03 4.068960266113281250e+02 -1.051543334960937500e+03 4.486940002441406250e+02
1.103718872070312500e+03 -6.225869750976562500e+02 -8.506245117187500000e+02 -3.216811218261718750e+02
1.034532226562500000e+03 1.000138366699218750e+03 9.788317108154296875e+01 -2.324422912597656250e+02
1.154051025390625000e+03 3.316430969238281250e+02 -9.675907592773437500e+02 5.284779052734375000e+02
1.179848510742187500e+03 -8.121904296875000000e+02 5.470749511718750000e+02 6.530197753906250000e+02
8.677276000976562500e+02 7.563543701171875000e+02 -2.537030792236328125e+01 -4.164128112792968750e+02
1.150278564453125000e+03 -1.083896240234375000e+03 -8.621223449707031250e+01 -3.564873046875000000e+02
1.969691162109375000e+03 -9.526701049804687500e+02 -3.102975463867187500e+02 -1.693490722656250000e+03
9.824307861328125000e+02 6.465084838867187500e+02 7.121450805664062500e+02 1.788251495361328125e+02
1.593883422851562500e+03 -4.303301696777343750e+02 -9.924243774414062500e+02 1.169395751953125000e+03
1.495018188476562500e+03 7.356361083984375000e+02 -1.046473266601562500e+03 7.719951782226562500e+02
1.116536743164062500e+03 -1.018881896972656250e+03 -1.548209381103515625e+02 -4.236164550781250000e+02
1.617812133789062500e+03 9.075317382812500000e+02 1.239450927734375000e+03 -5.004095458984375000e+02
1.190575195312500000e+03 -9.246033325195312500e+02 -6.452974853515625000e+02 -3.736530456542968750e+02
1.364503051757812500e+03 -1.063016601562500000e+03 4.371460571289062500e+02 7.318908081054687500e+02
1.557978637695312500e+03 -9.217172241210937500e+02 5.242969970703125000e+02 -1.132319091796875000e+03
1.273636352539062500e+03 4.758816223144531250e+02 9.418815917968750000e+02 -7.088467407226562500e+02
9.913006591796875000e+02 6.815487670898437500e+01 9.433771972656250000e+02 2.958208312988281250e+02
1.985018554687500000e+03 7.531068725585937500e+02 6.950055541992187500e+02 -1.691321655273437500e+03
1.442350708007812500e+03 3.779002685546875000e+02 8.056215820312500000e+02 1.130765991210937500e+03
1.429760986328125000e+03 7.689470214843750000e+02 6.800610351562500000e+02 9.901972656250000000e+02
1.137264404296875000e+03 8.554374389648437500e+02 6.143103637695312500e+02 -4.191064758300781250e+02
1.301171630859375000e+03 -8.832368164062500000e+02 -5.078464050292968750e+02 -8.048217163085937500e+02
1.186447998046875000e+03 -7.565523071289062500e+02 -8.989604492187500000e+02 -1.372099456787109375e+02
1.626851196289062500e+03 -4.751458129882812500e+02 -8.951021728515625000e+02 -1.271590576171875000e+03
2.282601318359375000e+03 8.595679321289062500e+02 5.221784667968750000e+02 2.048904296875000000e+03
1.381740966796875000e+03 -5.293524780273437500e+02 8.985610961914062500e+02 -9.005547485351562500e+02
1.041161743164062500e+03 1.020001907348632812e+02 -9.866934204101562500e+02 -3.025327453613281250e+02
1.582880737304687500e+03 -7.836052246093750000e+02 8.027292480468750000e+02 -1.111467895507812500e+03
2.134247802734375000e+03 1.110873657226562500e+03 -2.327893218994140625e+02 1.802387084960937500e+03
1.203699096679687500e+03 -1.014838317871093750e+03 -5.019037246704101562e+01 -6.362695922851562500e+02
2.303759277343750000e+03 -6.054651489257812500e+02 7.493363647460937500e+02 2.092366943359375000e+03
1.219380004882812500e+03 -6.142459106445312500e+02 -7.669285278320312500e+02 7.162827148437500000e+02
1.440074584960937500e+03 7.377295532226562500e+02 1.235861694335937500e+03 -8.629494667053222656e+00
1.157579101562500000e+03 -9.964470214843750000e+02 -7.463121032714843750e+01 -5.772651977539062500e+02
1.629929931640625000e+03 1.001789672851562500e+03 -7.016235961914062500e+02 -1.071334960937500000e+03
1.640348388671875000e+03 4.151811218261718750e+02 8.928626098632812500e+02 1.308807861328125000e+03
1.542650756835937500e+03 -4.374983215332031250e+02 9.627854003906250000e+02 1.108359252929687500e+03
1.205160522460937500e+03 7.244437866210937500e+02 -7.625089111328125000e+02 -5.813812866210937500e+02
1.050112548828125000e+03 3.898333435058593750e+02 9.664547119140625000e+02 8.380573272705078125e+01
1.513726074218750000e+03 7.484789428710937500e+02 6.777343139648437500e+02 -1.124068969726562500e+03
1.212221679687500000e+03 5.550170898437500000e+02 -8.428392333984375000e+02 6.709381103515625000e+02
1.804606445312500000e+03 -7.882385253906250000e+02 -6.346907348632812500e+02 1.483990844726562500e+03
1.223632202148437500e+03 -9.565729980468750000e+02 4.248956604003906250e+02 -6.326318969726562500e+02
1.031449951171875000e+03 -3.654747619628906250e+02 9.201956787109375000e+02 -2.757160644531250000e+02
1.305174682617187500e+03 -1.050136230468750000e+03 4.731798706054687500e+02 -5.905293579101562500e+02
1.960314331054687500e+03 8.842831420898437500e+02 -2.687716369628906250e+02 1.719401489257812500e+03
2.091237792968750000e+03 -1.148122558593750000e+03 -4.977972412109375000e+02 1.671239257812500000e+03
1.053960815429687500e+03 -9.327066040039062500e+02 -4.667344055175781250e+02 -1.212186660766601562e+02
1.006333679199218750e+03 -7.719028930664062500e+02 -5.791789550781250000e+02 2.700846557617187500e+02
1.407052001953125000e+03 -2.216851348876953125e+02 1.293069946289062500e+03 -5.017955627441406250e+02
1.811503295898437500e+03 -1.212151489257812500e+03 -7.522611236572265625e+01 -1.338613647460937500e+03
1.009508056640625000e+03 -6.454260253906250000e+01 -9.852583618164062500e+02 -1.257962417602539062e+02
1.332578857421875000e+03 -5.379383087158203125e+01 1.020797851562500000e+03 -8.500124511718750000e+02
1.074169921875000000e+03 -4.172082824707031250e+02 9.759205322265625000e+02 1.426022033691406250e+02
1.057955078125000000e+03 3.445780029296875000e+02 -9.926756591796875000e+02 -3.852614212036132812e+01
1.210977661132812500e+03 -1.170885986328125000e+03 -4.873347473144531250e+01 2.581579589843750000e+02
1.166159057617187500e+03 -1.128359375000000000e+03 -2.223057556152343750e+02 -1.019996337890625000e+02
1.566423706054687500e+03 6.974158935546875000e+02 -8.106895751953125000e+02 1.141212646484375000e+03
1.059789794921875000e+03 -7.589107666015625000e+02 7.324940185546875000e+02 4.802296066284179688e+01
1.550046997070312500e+03 1.047450805664062500e+03 -4.973181152343750000e+01 1.139525024414062500e+03
3.017715087890625000e+03 1.069295406341552734e+01 -9.694207763671875000e+02 -2.856948730468750000e+03
1.040820678710937500e+03 9.734930419921875000e+01 -9.992069702148437500e+02 2.640243225097656250e+02
1.281578979492187500e+03 -9.797077636718750000e+02 3.650843811035156250e+02 7.380375366210937500e+02
1.321320922851562500e+03 -4.872957763671875000e+02 -1.188236816406250000e+03 -2.791381530761718750e+02
3.126217773437500000e+03 -1.396514892578125000e+03 -2.909320983886718750e+02 2.781677978515625000e+03
8.991823120117187500e+02 -1.891431884765625000e+02 7.701258544921875000e+02 -4.152918395996093750e+02
1.194570678710937500e+03 1.099345947265625000e+03 -4.620019226074218750e+02 1.794360351562500000e+01
1.836750366210937500e+03 7.471712036132812500e+02 8.999594726562500000e+02 1.413445434570312500e+03
1.694050292968750000e+03 -7.949476318359375000e+02 5.654639892578125000e+02 1.383097778320312500e+03
1.179798339843750000e+03 -1.019608215332031250e+03 -9.033650207519531250e+01 -5.810666503906250000e+02
1.324359741210937500e+03 9.670164184570312500e+02 -1.766205596923828125e+02 8.808027343750000000e+02
1.380764526367187500e+03 -2.540980720520019531e+01 9.698316040039062500e+02 9.785784912109375000e+02
2.184839111328125000e+03 -8.257918090820312500e+02 5.477852783203125000e+02 1.940945434570312500e+03
1.303125610351562500e+03 -4.578088684082031250e+02 8.719395141601562500e+02 8.400162963867187500e+02
1.032089477539062500e+03 7.640049438476562500e+02 -5.956339721679687500e+02 -3.457575683593750000e+02
1.015809936523437500e+03 6.576792602539062500e+02 7.607250366210937500e+02 -1.100731964111328125e+02
8.670618896484375000e+02 3.690455932617187500e+02 -6.577675170898437500e+02 -4.240419616699218750e+02
9.970697631835937500e+02 -5.470235595703125000e+02 -7.836968994140625000e+02 2.280531005859375000e+02
1.069653808593750000e+03 -1.454543609619140625e+02 -1.041709106445312500e+03 -1.927056884765625000e+02
1.268359985351562500e+03 -7.436601257324218750e+01 -1.052452392578125000e+03 -6.975278320312500000e+02
1.323740966796875000e+03 9.019349975585937500e+02 -5.037208251953125000e+02 -8.236062011718750000e+02
2.508757324218750000e+03 5.070513916015625000e+02 1.161157714843750000e+03 -2.164834472656250000e+03
1.056857910156250000e+03 -4.608325805664062500e+02 9.428598022460937500e+02 -9.490856933593750000e+01
1.564166748046875000e+03 9.225025634765625000e+02 -5.644875488281250000e+02 -1.128458984375000000e+03
1.343043334960937500e+03 4.543614578247070312e+01 -1.056442504882812500e+03 -8.223743286132812500e+02
1.011765197753906250e+03 1.169717712402343750e+02 1.001955993652343750e+03 3.158923721313476562e+01
1.807665649414062500e+03 3.556266174316406250e+02 8.525345458984375000e+02 -1.553371948242187500e+03
1.894901977539062500e+03 -2.042755584716796875e+02 9.809743652343750000e+02 -1.607721923828125000e+03
1.364089111328125000e+03 1.090046264648437500e+03 -1.383264312744140625e+02 -8.041000366210937500e+02
2.159457763671875000e+03 9.795398559570312500e+02 4.333645629882812500e+02 -1.874881469726562500e+03
1.243439941406250000e+03 -5.559954833984375000e+02 -9.763742675781250000e+02 -5.242745361328125000e+02
1.218320556640625000e+03 1.003519775390625000e+03 1.373674316406250000e+02 -6.590034179687500000e+02
1.342879394531250000e+03 -2.053195953369140625e+02 -1.014047607421875000e+03 8.516303710937500000e+02
1.253528198242187500e+03 9.720537719726562500e+02 -8.785679626464843750e+01 7.654110107421875000e+02
9.920723266601562500e+02 -5.132485961914062500e+02 -8.245866088867187500e+02 -1.344446945190429688e+01
1.470359741210937500e+03 -3.101120910644531250e+02 9.750697021484375000e+02 1.052441650390625000e+03
1.019809875488281250e+03 3.365672912597656250e+02 -9.552824707031250000e+02 -7.501892089843750000e+01
1.121389160156250000e+03 -8.145296630859375000e+02 6.301387329101562500e+02 -4.423359069824218750e+02
1.280680786132812500e+03 7.892859497070312500e+02 -7.045587158203125000e+02 7.167872924804687500e+02
9.779751586914062500e+02 6.628237304687500000e+02 6.257669067382812500e+02 -3.441845703125000000e+02
1.148462402343750000e+03 9.462771606445312500e+02 4.029934692382812500e+02 5.033462219238281250e+02
1.025984375000000000e+03 9.983502807617187500e+02 -2.057662658691406250e+02 -7.899462890625000000e+01
1.695692504882812500e+03 -9.957819213867187500e+02 1.322478332519531250e+02 -1.363932861328125000e+03
1.491941406250000000e+03 4.472156982421875000e+02 8.805797729492187500e+02 -1.117553466796875000e+03
1.337136596679687500e+03 1.014988708496093750e+03 -2.809287719726562500e+02 -8.188706054687500000e+02
1.090298461914062500e+03 -6.484748535156250000e+02 -7.931206054687500000e+02 -3.621346130371093750e+02
1.113257690429687500e+03 -1.065026321411132812e+02 -1.063564575195312500e+03 3.099003601074218750e+02
1.264661132812500000e+03 5.776610183715820312e+01 -1.201145751953125000e+03 -3.841139526367187500e+02
1.164563842773437500e+03 -4.911256103515625000e+02 -8.122204589843750000e+02 -6.689567260742187500e+02
1.035503662109375000e+03 -9.584149169921875000e+02 -3.449745483398437500e+02 1.841519622802734375e+02
1.451180175781250000e+03 1.269600830078125000e+03 6.193648681640625000e+02 3.175574340820312500e+02
1.061951049804687500e+03 1.005564514160156250e+03 -4.707483673095703125e+01 -3.351775512695312500e+02
1.237897094726562500e+03 -2.755805358886718750e+02 1.148190185546875000e+03 -3.232437744140625000e+02
1.139111450195312500e+03 -8.072817382812500000e+02 -5.604898681640625000e+02 -5.700991210937500000e+02
9.884628295898437500e+02 -9.558599853515625000e+02 2.304364776611328125e+02 4.442263412475585938e+01
9.828719482421875000e+02 -2.049634246826171875e+02 9.579855957031250000e+02 5.448442077636718750e+01
1.076628173828125000e+03 -8.106557617187500000e+02 5.904755859375000000e+02 -3.831988830566406250e+02
