# quantizer scales (scale = 2^-k), signedness, bit widths
#   input_quant                        scale=9.765625e-04  2^-10.00  bits=24  signed=True
#   output_quant                       scale=1.192093e-07  2^-23.00  bits=24  signed=True
#   net2to2.eq_layers.0.post_agg_quant scale=3.814697e-06  2^-18.00  bits=24  signed=True
#   net2to2.eq_layers.0.act_layer      scale=2.384186e-07  2^-22.00  bits=24  signed=True
#   agg_2to0.post_agg_quant            scale=1.192093e-07  2^-23.00  bits=24  signed=True
#   net2to2.eq_layers.0.mixing.weight  scale=2.384186e-07  2^-22.00  bits=24  signed=True
#   agg_2to0.mixing.weight             scale=4.768372e-07  2^-21.00  bits=24  signed=True
# stage dump; arrays in firmware basis order; %.17g
event 0
dots: 0 2 41.009765625 20.62109375 2.0673828125 1.9873046875 1.630859375 1.2802734375 0.521484375 0.197265625 0.044921875 0 0 0 0 0 0 0 0 0 0 0 2 0 956.5400390625 1022.091796875 107.9833984375 107.56640625 79.42578125 44.615234375 19.7861328125 3.5400390625 1.921875 0 0 0 0 0 0 0 0 0 0 0 41.009765625 956.5400390625 0.0625 6386.5625 579.01171875 265.79296875 180.71875 40.431640625 49.7958984375 15.0078125 4.25390625 0 0 0 0 0 0 0 0 0 0 0 20.62109375 1022.091796875 6386.5625 23.0625 7.8203125 392.1484375 397.2734375 121.044921875 169.1171875 67.921875 2.3701171875 0 0 0 0 0 0 0 0 0 0 0 2.0673828125 107.9833984375 579.01171875 7.8203125 -0 31.283203125 33.1240234375 9.7177734375 14.9609375 6.4296875 0.1591796875 0 0 0 0 0 0 0 0 0 0 0 1.9873046875 107.56640625 265.79296875 392.1484375 31.283203125 0 0.9404296875 4.431640625 2.232421875 2.630859375 0.205078125 0 0 0 0 0 0 0 0 0 0 0 1.630859375 79.42578125 180.71875 397.2734375 33.1240234375 0.9404296875 0 4.3193359375 0.75390625 1.51171875 0.2451171875 0 0 0 0 0 0 0 0 0 0 0 1.2802734375 44.615234375 40.431640625 121.044921875 9.7177734375 4.431640625 4.3193359375 0 2.23046875 1.19921875 0.0263671875 0 0 0 0 0 0 0 0 0 0 0 0.521484375 19.7861328125 49.7958984375 169.1171875 14.9609375 2.232421875 0.75390625 2.23046875 0 0.201171875 0.13671875 0 0 0 0 0 0 0 0 0 0 0 0.197265625 3.5400390625 15.0078125 67.921875 6.4296875 2.630859375 1.51171875 1.19921875 0.201171875 0 0.0712890625 0 0 0 0 0 0 0 0 0 0 0 0.044921875 1.921875 4.25390625 2.3701171875 0.1591796875 0.205078125 0.2451171875 0.0263671875 0.13671875 0.0712890625 0 0 0 0 0 0 0 0 0 0 0 0 0 0 0 0 0 0 0 0 0 0 0 0 0 0 0 0 0 0 0 0 0 0 0 0 0 0 0 0 0 0 0 0 0 0 0 0 0 0 0 0 0 0 0 0 0 0 0 0 0 0 0 0 0 0 0 0 0 0 0 0 0 0 0 0 0 0 0 0 0 0 0 0 0 0 0 0 0 0 0 0 0 0 0 0 0 0 0 0 0 0 0 0 0 0 0 0 0 0 0 0 0 0 0 0 0 0 0 0 0 0 0 0 0 0 0 0 0 0 0 0 0 0 0 0 0 0 0 0 0 0 0 0 0 0 0 0 0 0 0 0 0 0 0 0 0 0 0 0 0 0 0 0 0 0 0 0 0 0 0 0 0 0 0 0 0 0 0 0 0 0 0 0 0 0 0 0 0 0 0 0 0 0 0 0 0 0 0 0 0 0 0 0 0 0 0 0 0 0 0 0 0 0 0 0 0 0 0 0 0 0 0 0 0 0 0 0 0 0 0 0 0 0 0 0 0 0 0 0 0 0 0 0 0 0 0 0 0 0 0 0 0 0
batch1: -0.0071657001972198486 -0.00055877864360809326 0.12830853462219238 0.060955315828323364 -0.00033618509769439697 -0.00060071051120758057 -0.0017782300710678101 -0.0029363632202148438 -0.0054429918527603149 -0.0065140426158905029 -0.0070173144340515137 0 0 0 0 0 0 0 0 0 0 0 -0.00055877864360809326 -0.0071657001972198486 3.152728796005249 3.369276762008667 0.34955346584320068 0.34817594289779663 0.25521442294120789 0.1402190774679184 0.058197058737277985 0.0045286864042282104 -0.00081686675548553467 0 0 0 0 0 0 0 0 0 0 0 0.12830853462219238 3.152728796005249 -0.0069592446088790894 21.090606689453125 1.9055778980255127 0.87087154388427734 0.58983200788497925 0.1263987272977829 0.15733321011066437 0.042412057518959045 0.0068869292736053467 0 0 0 0 0 0 0 0 0 0 0 0.060955315828323364 3.369276762008667 21.090606689453125 0.069020412862300873 0.018668413162231445 1.2882821559906006 1.3052123785018921 0.39270174503326416 0.55150669813156128 0.21721169352531433 0.00066389143466949463 0 0 0 0 0 0 0 0 0 0 0 -0.00033618509769439697 0.34955346584320068 1.9055778980255127 0.018668413162231445 -0.0071657001972198486 0.096177197992801666 0.10225827991962433 0.024936601519584656 0.042257204651832581 0.014074534177780151 -0.0066398680210113525 0 0 0 0 0 0 0 0 0 0 0 -0.00060071051120758057 0.34817594289779663 0.87087154388427734 1.2882821559906006 0.096177197992801666 -0.0071657001972198486 -0.00405903160572052 0.0074740499258041382 0.00020901858806610107 0.0015252530574798584 -0.0064882338047027588 0 0 0 0 0 0 0 0 0 0 0 -0.0017782300710678101 0.25521442294120789 0.58983200788497925 1.3052123785018921 0.10225827991962433 -0.00405903160572052 -0.0071657001972198486 0.0071030557155609131 -0.0046752095222473145 -0.0021717995405197144 -0.006355971097946167 0 0 0 0 0 0 0 0 0 0 0 -0.0029363632202148438 0.1402190774679184 0.1263987272977829 0.39270174503326416 0.024936601519584656 0.0074740499258041382 0.0071030557155609131 -0.0071657001972198486 0.00020256638526916504 -0.0032041370868682861 -0.0070785880088806152 0 0 0 0 0 0 0 0 0 0 0 -0.0054429918527603149 0.058197058737277985 0.15733321011066437 0.55150669813156128 0.042257204651832581 0.00020901858806610107 -0.0046752095222473145 0.00020256638526916504 -0.0071657001972198486 -0.0065011382102966309 -0.0067140460014343262 0 0 0 0 0 0 0 0 0 0 0 -0.0065140426158905029 0.0045286864042282104 0.042412057518959045 0.21721169352531433 0.014074534177780151 0.0015252530574798584 -0.0021717995405197144 -0.0032041370868682861 -0.0065011382102966309 -0.0071657001972198486 -0.0069302022457122803 0 0 0 0 0 0 0 0 0 0 0 -0.0070173144340515137 -0.00081686675548553467 0.0068869292736053467 0.00066389143466949463 -0.0066398680210113525 -0.0064882338047027588 -0.006355971097946167 -0.0070785880088806152 -0.0067140460014343262 -0.0069302022457122803 -0.0071657001972198486 0 0 0 0 0 0 0 0 0 0 0 0 0 0 0 0 0 0 0 0 0 0 0 0 0 0 0 0 0 0 0 0 0 0 0 0 0 0 0 0 0 0 0 0 0 0 0 0 0 0 0 0 0 0 0 0 0 0 0 0 0 0 0 0 0 0 0 0 0 0 0 0 0 0 0 0 0 0 0 0 0 0 0 0 0 0 0 0 0 0 0 0 0 0 0 0 0 0 0 0 0 0 0 0 0 0 0 0 0 0 0 0 0 0 0 0 0 0 0 0 0 0 0 0 0 0 0 0 0 0 0 0 0 0 0 0 0 0 0 0 0 0 0 0 0 0 0 0 0 0 0 0 0 0 0 0 0 0 0 0 0 0 0 0 0 0 0 0 0 0 0 0 0 0 0 0 0 0 0 0 0 0 0 0 0 0 0 0 0 0 0 0 0 0 0 0 0 0 0 0 0 0 0 0 0 0 0 0 0 0 0 0 0 0 0 0 0 0 0 0 0 0 0 0 0 0 0 0 0 0 0 0 0 0 0 0 0 0 0 0 0 0 0 0 0 0 0 0 0 0 0 0 0
jmass: 0.030520206317305565
jdotp: 0.0032023170497268438 0.1565174013376236 0.57273465394973755 0.57885932922363281 0.051823709160089493 0.052946962416172028 0.045579880475997925 0.013850021176040173 0.01590217649936676 0.0050462284125387669 -0.00097257079323753715 0 0 0 0 0 0 0 0 0 0 0
T0: -0.00716400146484375 -0.00055694580078125 0.12830734252929688 0.060955047607421875 -0.000335693359375 -0.000598907470703125 -0.00177764892578125 -0.00293731689453125 -0.005443572998046875 -0.0065155029296875 -0.00701904296875 0 0 0 0 0 0 0 0 0 0 0 -0.00055694580078125 -0.00716400146484375 3.1527290344238281 3.3692779541015625 0.34955215454101562 0.348175048828125 0.25521469116210938 0.14022064208984375 0.058197021484375 0.004528045654296875 -0.00081634521484375 0 0 0 0 0 0 0 0 0 0 0 0.12830734252929688 3.1527290344238281 -0.0069580078125 21.090606689453125 1.90557861328125 0.87087249755859375 0.58983230590820312 0.12639999389648438 0.1573333740234375 0.04241180419921875 0.006885528564453125 0 0 0 0 0 0 0 0 0 0 0 0.060955047607421875 3.3692779541015625 21.090606689453125 0.069019317626953125 0.01866912841796875 1.2882804870605469 1.3052139282226562 0.3927001953125 0.55150604248046875 0.21721267700195312 0.00066375732421875 0 0 0 0 0 0 0 0 0 0 0 -0.000335693359375 0.34955215454101562 1.90557861328125 0.01866912841796875 -0.00716400146484375 0.0961761474609375 0.10225677490234375 0.024936676025390625 0.042255401611328125 0.01407623291015625 -0.006641387939453125 0 0 0 0 0 0 0 0 0 0 0 -0.000598907470703125 0.348175048828125 0.87087249755859375 1.2882804870605469 0.0961761474609375 -0.00716400146484375 -0.004058837890625 0.007472991943359375 0.000209808349609375 0.00152587890625 -0.006488800048828125 0 0 0 0 0 0 0 0 0 0 0 -0.00177764892578125 0.25521469116210938 0.58983230590820312 1.3052139282226562 0.10225677490234375 -0.004058837890625 -0.00716400146484375 0.00710296630859375 -0.00467681884765625 -0.002170562744140625 -0.00635528564453125 0 0 0 0 0 0 0 0 0 0 0 -0.00293731689453125 0.14022064208984375 0.12639999389648438 0.3927001953125 0.024936676025390625 0.007472991943359375 0.00710296630859375 -0.00716400146484375 0.000202178955078125 -0.003204345703125 -0.007080078125 0 0 0 0 0 0 0 0 0 0 0 -0.005443572998046875 0.058197021484375 0.1573333740234375 0.55150604248046875 0.042255401611328125 0.000209808349609375 -0.00467681884765625 0.000202178955078125 -0.00716400146484375 -0.006500244140625 -0.0067138671875 0 0 0 0 0 0 0 0 0 0 0 -0.0065155029296875 0.004528045654296875 0.04241180419921875 0.21721267700195312 0.01407623291015625 0.00152587890625 -0.002170562744140625 -0.003204345703125 -0.006500244140625 -0.00716400146484375 -0.006931304931640625 0 0 0 0 0 0 0 0 0 0 0 -0.00701904296875 -0.00081634521484375 0.006885528564453125 0.00066375732421875 -0.006641387939453125 -0.006488800048828125 -0.00635528564453125 -0.007080078125 -0.0067138671875 -0.006931304931640625 -0.00716400146484375 0 0 0 0 0 0 0 0 0 0 0 0 0 0 0 0 0 0 0 0 0 0 0 0 0 0 0 0 0 0 0 0 0 0 0 0 0 0 0 0 0 0 0 0 0 0 0 0 0 0 0 0 0 0 0 0 0 0 0 0 0 0 0 0 0 0 0 0 0 0 0 0 0 0 0 0 0 0 0 0 0 0 0 0 0 0 0 0 0 0 0 0 0 0 0 0 0 0 0 0 0 0 0 0 0 0 0 0 0 0 0 0 0 0 0 0 0 0 0 0 0 0 0 0 0 0 0 0 0 0 0 0 0 0 0 0 0 0 0 0 0 0 0 0 0 0 0 0 0 0 0 0 0 0 0 0 0 0 0 0 0 0 0 0 0 0 0 0 0 0 0 0 0 0 0 0 0 0 0 0 0 0 0 0 0 0 0 0 0 0 0 0 0 0 0 0 0 0 0 0 0 0 0 0 0 0 0 0 0 0 0 0 0 0 0 0 0 0 0 0 0 0 0 0 0 0 0 0 0 0 0 0 0 0 0 0 0 0 0 0 0 0 0 0 0 0 0 0 0 0 0 0 0
T1: 0.003200531005859375 0 0 0 0 0 0 0 0 0 0 0 0 0 0 0 0 0 0 0 0 0 0 0.15651702880859375 0 0 0 0 0 0 0 0 0 0 0 0 0 0 0 0 0 0 0 0 0 0 0.57273483276367188 0 0 0 0 0 0 0 0 0 0 0 0 0 0 0 0 0 0 0 0 0 0 0.578857421875 0 0 0 0 0 0 0 0 0 0 0 0 0 0 0 0 0 0 0 0 0 0 0.051822662353515625 0 0 0 0 0 0 0 0 0 0 0 0 0 0 0 0 0 0 0 0 0 0 0.052947998046875 0 0 0 0 0 0 0 0 0 0 0 0 0 0 0 0 0 0 0 0 0 0 0.0455780029296875 0 0 0 0 0 0 0 0 0 0 0 0 0 0 0 0 0 0 0 0 0 0 0.013851165771484375 0 0 0 0 0 0 0 0 0 0 0 0 0 0 0 0 0 0 0 0 0 0 0.015903472900390625 0 0 0 0 0 0 0 0 0 0 0 0 0 0 0 0 0 0 0 0 0 0 0.005046844482421875 0 0 0 0 0 0 0 0 0 0 0 0 0 0 0 0 0 0 0 0 0 0 -0.000972747802734375 0 0 0 0 0 0 0 0 0 0 0 0 0 0 0 0 0 0 0 0 0 0 0 0 0 0 0 0 0 0 0 0 0 0 0 0 0 0 0 0 0 0 0 0 0 0 0 0 0 0 0 0 0 0 0 0 0 0 0 0 0 0 0 0 0 0 0 0 0 0 0 0 0 0 0 0 0 0 0 0 0 0 0 0 0 0 0 0 0 0 0 0 0 0 0 0 0 0 0 0 0 0 0 0 0 0 0 0 0 0 0 0 0 0 0 0 0 0 0 0 0 0 0 0 0 0 0 0 0 0 0 0 0 0 0 0 0 0 0 0 0 0 0 0 0 0 0 0 0 0 0 0 0 0 0 0 0 0 0 0 0 0 0 0 0 0 0 0 0 0 0 0 0 0 0 0 0 0 0 0 0 0 0 0 0 0 0 0 0 0 0 0 0 0 0 0 0 0 0 0 0 0 0 0 0 0 0 0 0 0 0 0 0 0 0 0 0 0 0 0 0 0 0 0 0 0 0 0 0 0 0 0 0 0 0 0 0 0 0 0 0 0 0 0 0 0 0 0 0 0 0 0 0
T2: 0.003200531005859375 0.15651702880859375 0.57273483276367188 0.578857421875 0.051822662353515625 0.052947998046875 0.0455780029296875 0.013851165771484375 0.015903472900390625 0.005046844482421875 -0.000972747802734375 0 0 0 0 0 0 0 0 0 0 0 0.003200531005859375 0.15651702880859375 0.57273483276367188 0.578857421875 0.051822662353515625 0.052947998046875 0.0455780029296875 0.013851165771484375 0.015903472900390625 0.005046844482421875 -0.000972747802734375 0 0 0 0 0 0 0 0 0 0 0 0.003200531005859375 0.15651702880859375 0.57273483276367188 0.578857421875 0.051822662353515625 0.052947998046875 0.0455780029296875 0.013851165771484375 0.015903472900390625 0.005046844482421875 -0.000972747802734375 0 0 0 0 0 0 0 0 0 0 0 0.003200531005859375 0.15651702880859375 0.57273483276367188 0.578857421875 0.051822662353515625 0.052947998046875 0.0455780029296875 0.013851165771484375 0.015903472900390625 0.005046844482421875 -0.000972747802734375 0 0 0 0 0 0 0 0 0 0 0 0.003200531005859375 0.15651702880859375 0.57273483276367188 0.578857421875 0.051822662353515625 0.052947998046875 0.0455780029296875 0.013851165771484375 0.015903472900390625 0.005046844482421875 -0.000972747802734375 0 0 0 0 0 0 0 0 0 0 0 0.003200531005859375 0.15651702880859375 0.57273483276367188 0.578857421875 0.051822662353515625 0.052947998046875 0.0455780029296875 0.013851165771484375 0.015903472900390625 0.005046844482421875 -0.000972747802734375 0 0 0 0 0 0 0 0 0 0 0 0.003200531005859375 0.15651702880859375 0.57273483276367188 0.578857421875 0.051822662353515625 0.052947998046875 0.0455780029296875 0.013851165771484375 0.015903472900390625 0.005046844482421875 -0.000972747802734375 0 0 0 0 0 0 0 0 0 0 0 0.003200531005859375 0.15651702880859375 0.57273483276367188 0.578857421875 0.051822662353515625 0.052947998046875 0.0455780029296875 0.013851165771484375 0.015903472900390625 0.005046844482421875 -0.000972747802734375 0 0 0 0 0 0 0 0 0 0 0 0.003200531005859375 0.15651702880859375 0.57273483276367188 0.578857421875 0.051822662353515625 0.052947998046875 0.0455780029296875 0.013851165771484375 0.015903472900390625 0.005046844482421875 -0.000972747802734375 0 0 0 0 0 0 0 0 0 0 0 0.003200531005859375 0.15651702880859375 0.57273483276367188 0.578857421875 0.051822662353515625 0.052947998046875 0.0455780029296875 0.013851165771484375 0.015903472900390625 0.005046844482421875 -0.000972747802734375 0 0 0 0 0 0 0 0 0 0 0 0.003200531005859375 0.15651702880859375 0.57273483276367188 0.578857421875 0.051822662353515625 0.052947998046875 0.0455780029296875 0.013851165771484375 0.015903472900390625 0.005046844482421875 -0.000972747802734375 0 0 0 0 0 0 0 0 0 0 0 0.003200531005859375 0.15651702880859375 0.57273483276367188 0.578857421875 0.051822662353515625 0.052947998046875 0.0455780029296875 0.013851165771484375 0.015903472900390625 0.005046844482421875 -0.000972747802734375 0 0 0 0 0 0 0 0 0 0 0 0.003200531005859375 0.15651702880859375 0.57273483276367188 0.578857421875 0.051822662353515625 0.052947998046875 0.0455780029296875 0.013851165771484375 0.015903472900390625 0.005046844482421875 -0.000972747802734375 0 0 0 0 0 0 0 0 0 0 0 0.003200531005859375 0.15651702880859375 0.57273483276367188 0.578857421875 0.051822662353515625 0.052947998046875 0.0455780029296875 0.013851165771484375 0.015903472900390625 0.005046844482421875 -0.000972747802734375 0 0 0 0 0 0 0 0 0 0 0 0.003200531005859375 0.15651702880859375 0.57273483276367188 0.578857421875 0.051822662353515625 0.052947998046875 0.0455780029296875 0.013851165771484375 0.015903472900390625 0.005046844482421875 -0.000972747802734375 0 0 0 0 0 0 0 0 0 0 0 0.003200531005859375 0.15651702880859375 0.57273483276367188 0.578857421875 0.051822662353515625 0.052947998046875 0.0455780029296875 0.013851165771484375 0.015903472900390625 0.005046844482421875 -0.000972747802734375 0 0 0 0 0 0 0 0 0 0 0 0.003200531005859375 0.15651702880859375 0.57273483276367188 0.578857421875 0.051822662353515625 0.052947998046875 0.0455780029296875 0.013851165771484375 0.015903472900390625 0.005046844482421875 -0.000972747802734375 0 0 0 0 0 0 0 0 0 0 0 0.003200531005859375 0.15651702880859375 0.57273483276367188 0.578857421875 0.051822662353515625 0.052947998046875 0.0455780029296875 0.013851165771484375 0.015903472900390625 0.005046844482421875 -0.000972747802734375 0 0 0 0 0 0 0 0 0 0 0 0.003200531005859375 0.15651702880859375 0.57273483276367188 0.578857421875 0.051822662353515625 0.052947998046875 0.0455780029296875 0.013851165771484375 0.015903472900390625 0.005046844482421875 -0.000972747802734375 0 0 0 0 0 0 0 0 0 0 0 0.003200531005859375 0.15651702880859375 0.57273483276367188 0.578857421875 0.051822662353515625 0.052947998046875 0.0455780029296875 0.013851165771484375 0.015903472900390625 0.005046844482421875 -0.000972747802734375 0 0 0 0 0 0 0 0 0 0 0 0.003200531005859375 0.15651702880859375 0.57273483276367188 0.578857421875 0.051822662353515625 0.052947998046875 0.0455780029296875 0.013851165771484375 0.015903472900390625 0.005046844482421875 -0.000972747802734375 0 0 0 0 0 0 0 0 0 0 0 0.003200531005859375 0.15651702880859375 0.57273483276367188 0.578857421875 0.051822662353515625 0.052947998046875 0.0455780029296875 0.013851165771484375 0.015903472900390625 0.005046844482421875 -0.000972747802734375 0 0 0 0 0 0 0 0 0 0 0
T3: 0.003200531005859375 0.003200531005859375 0.003200531005859375 0.003200531005859375 0.003200531005859375 0.003200531005859375 0.003200531005859375 0.003200531005859375 0.003200531005859375 0.003200531005859375 0.003200531005859375 0.003200531005859375 0.003200531005859375 0.003200531005859375 0.003200531005859375 0.003200531005859375 0.003200531005859375 0.003200531005859375 0.003200531005859375 0.003200531005859375 0.003200531005859375 0.003200531005859375 0.15651702880859375 0.15651702880859375 0.15651702880859375 0.15651702880859375 0.15651702880859375 0.15651702880859375 0.15651702880859375 0.15651702880859375 0.15651702880859375 0.15651702880859375 0.15651702880859375 0.15651702880859375 0.15651702880859375 0.15651702880859375 0.15651702880859375 0.15651702880859375 0.15651702880859375 0.15651702880859375 0.15651702880859375 0.15651702880859375 0.15651702880859375 0.15651702880859375 0.57273483276367188 0.57273483276367188 0.57273483276367188 0.57273483276367188 0.57273483276367188 0.57273483276367188 0.57273483276367188 0.57273483276367188 0.57273483276367188 0.57273483276367188 0.57273483276367188 0.57273483276367188 0.57273483276367188 0.57273483276367188 0.57273483276367188 0.57273483276367188 0.57273483276367188 0.57273483276367188 0.57273483276367188 0.57273483276367188 0.57273483276367188 0.57273483276367188 0.578857421875 0.578857421875 0.578857421875 0.578857421875 0.578857421875 0.578857421875 0.578857421875 0.578857421875 0.578857421875 0.578857421875 0.578857421875 0.578857421875 0.578857421875 0.578857421875 0.578857421875 0.578857421875 0.578857421875 0.578857421875 0.578857421875 0.578857421875 0.578857421875 0.578857421875 0.051822662353515625 0.051822662353515625 0.051822662353515625 0.051822662353515625 0.051822662353515625 0.051822662353515625 0.051822662353515625 0.051822662353515625 0.051822662353515625 0.051822662353515625 0.051822662353515625 0.051822662353515625 0.051822662353515625 0.051822662353515625 0.051822662353515625 0.051822662353515625 0.051822662353515625 0.051822662353515625 0.051822662353515625 0.051822662353515625 0.051822662353515625 0.051822662353515625 0.052947998046875 0.052947998046875 0.052947998046875 0.052947998046875 0.052947998046875 0.052947998046875 0.052947998046875 0.052947998046875 0.052947998046875 0.052947998046875 0.052947998046875 0.052947998046875 0.052947998046875 0.052947998046875 0.052947998046875 0.052947998046875 0.052947998046875 0.052947998046875 0.052947998046875 0.052947998046875 0.052947998046875 0.052947998046875 0.0455780029296875 0.0455780029296875 0.0455780029296875 0.0455780029296875 0.0455780029296875 0.0455780029296875 0.0455780029296875 0.0455780029296875 0.0455780029296875 0.0455780029296875 0.0455780029296875 0.0455780029296875 0.0455780029296875 0.0455780029296875 0.0455780029296875 0.0455780029296875 0.0455780029296875 0.0455780029296875 0.0455780029296875 0.0455780029296875 0.0455780029296875 0.0455780029296875 0.013851165771484375 0.013851165771484375 0.013851165771484375 0.013851165771484375 0.013851165771484375 0.013851165771484375 0.013851165771484375 0.013851165771484375 0.013851165771484375 0.013851165771484375 0.013851165771484375 0.013851165771484375 0.013851165771484375 0.013851165771484375 0.013851165771484375 0.013851165771484375 0.013851165771484375 0.013851165771484375 0.013851165771484375 0.013851165771484375 0.013851165771484375 0.013851165771484375 0.015903472900390625 0.015903472900390625 0.015903472900390625 0.015903472900390625 0.015903472900390625 0.015903472900390625 0.015903472900390625 0.015903472900390625 0.015903472900390625 0.015903472900390625 0.015903472900390625 0.015903472900390625 0.015903472900390625 0.015903472900390625 0.015903472900390625 0.015903472900390625 0.015903472900390625 0.015903472900390625 0.015903472900390625 0.015903472900390625 0.015903472900390625 0.015903472900390625 0.005046844482421875 0.005046844482421875 0.005046844482421875 0.005046844482421875 0.005046844482421875 0.005046844482421875 0.005046844482421875 0.005046844482421875 0.005046844482421875 0.005046844482421875 0.005046844482421875 0.005046844482421875 0.005046844482421875 0.005046844482421875 0.005046844482421875 0.005046844482421875 0.005046844482421875 0.005046844482421875 0.005046844482421875 0.005046844482421875 0.005046844482421875 0.005046844482421875 -0.000972747802734375 -0.000972747802734375 -0.000972747802734375 -0.000972747802734375 -0.000972747802734375 -0.000972747802734375 -0.000972747802734375 -0.000972747802734375 -0.000972747802734375 -0.000972747802734375 -0.000972747802734375 -0.000972747802734375 -0.000972747802734375 -0.000972747802734375 -0.000972747802734375 -0.000972747802734375 -0.000972747802734375 -0.000972747802734375 -0.000972747802734375 -0.000972747802734375 -0.000972747802734375 -0.000972747802734375 0 0 0 0 0 0 0 0 0 0 0 0 0 0 0 0 0 0 0 0 0 0 0 0 0 0 0 0 0 0 0 0 0 0 0 0 0 0 0 0 0 0 0 0 0 0 0 0 0 0 0 0 0 0 0 0 0 0 0 0 0 0 0 0 0 0 0 0 0 0 0 0 0 0 0 0 0 0 0 0 0 0 0 0 0 0 0 0 0 0 0 0 0 0 0 0 0 0 0 0 0 0 0 0 0 0 0 0 0 0 0 0 0 0 0 0 0 0 0 0 0 0 0 0 0 0 0 0 0 0 0 0 0 0 0 0 0 0 0 0 0 0 0 0 0 0 0 0 0 0 0 0 0 0 0 0 0 0 0 0 0 0 0 0 0 0 0 0 0 0 0 0 0 0 0 0 0 0 0 0 0 0 0 0 0 0 0 0 0 0 0 0 0 0 0 0 0 0 0 0 0 0 0 0 0 0 0 0 0 0 0 0 0 0 0 0 0 0 0 0 0 0 0 0 0 0 0 0 0 0 0 0 0 0 0 0 0 0 0 0 0 0
T4: 0.030521392822265625 0.030521392822265625 0.030521392822265625 0.030521392822265625 0.030521392822265625 0.030521392822265625 0.030521392822265625 0.030521392822265625 0.030521392822265625 0.030521392822265625 0.030521392822265625 0.030521392822265625 0.030521392822265625 0.030521392822265625 0.030521392822265625 0.030521392822265625 0.030521392822265625 0.030521392822265625 0.030521392822265625 0.030521392822265625 0.030521392822265625 0.030521392822265625 0.030521392822265625 0.030521392822265625 0.030521392822265625 0.030521392822265625 0.030521392822265625 0.030521392822265625 0.030521392822265625 0.030521392822265625 0.030521392822265625 0.030521392822265625 0.030521392822265625 0.030521392822265625 0.030521392822265625 0.030521392822265625 0.030521392822265625 0.030521392822265625 0.030521392822265625 0.030521392822265625 0.030521392822265625 0.030521392822265625 0.030521392822265625 0.030521392822265625 0.030521392822265625 0.030521392822265625 0.030521392822265625 0.030521392822265625 0.030521392822265625 0.030521392822265625 0.030521392822265625 0.030521392822265625 0.030521392822265625 0.030521392822265625 0.030521392822265625 0.030521392822265625 0.030521392822265625 0.030521392822265625 0.030521392822265625 0.030521392822265625 0.030521392822265625 0.030521392822265625 0.030521392822265625 0.030521392822265625 0.030521392822265625 0.030521392822265625 0.030521392822265625 0.030521392822265625 0.030521392822265625 0.030521392822265625 0.030521392822265625 0.030521392822265625 0.030521392822265625 0.030521392822265625 0.030521392822265625 0.030521392822265625 0.030521392822265625 0.030521392822265625 0.030521392822265625 0.030521392822265625 0.030521392822265625 0.030521392822265625 0.030521392822265625 0.030521392822265625 0.030521392822265625 0.030521392822265625 0.030521392822265625 0.030521392822265625 0.030521392822265625 0.030521392822265625 0.030521392822265625 0.030521392822265625 0.030521392822265625 0.030521392822265625 0.030521392822265625 0.030521392822265625 0.030521392822265625 0.030521392822265625 0.030521392822265625 0.030521392822265625 0.030521392822265625 0.030521392822265625 0.030521392822265625 0.030521392822265625 0.030521392822265625 0.030521392822265625 0.030521392822265625 0.030521392822265625 0.030521392822265625 0.030521392822265625 0.030521392822265625 0.030521392822265625 0.030521392822265625 0.030521392822265625 0.030521392822265625 0.030521392822265625 0.030521392822265625 0.030521392822265625 0.030521392822265625 0.030521392822265625 0.030521392822265625 0.030521392822265625 0.030521392822265625 0.030521392822265625 0.030521392822265625 0.030521392822265625 0.030521392822265625 0.030521392822265625 0.030521392822265625 0.030521392822265625 0.030521392822265625 0.030521392822265625 0.030521392822265625 0.030521392822265625 0.030521392822265625 0.030521392822265625 0.030521392822265625 0.030521392822265625 0.030521392822265625 0.030521392822265625 0.030521392822265625 0.030521392822265625 0.030521392822265625 0.030521392822265625 0.030521392822265625 0.030521392822265625 0.030521392822265625 0.030521392822265625 0.030521392822265625 0.030521392822265625 0.030521392822265625 0.030521392822265625 0.030521392822265625 0.030521392822265625 0.030521392822265625 0.030521392822265625 0.030521392822265625 0.030521392822265625 0.030521392822265625 0.030521392822265625 0.030521392822265625 0.030521392822265625 0.030521392822265625 0.030521392822265625 0.030521392822265625 0.030521392822265625 0.030521392822265625 0.030521392822265625 0.030521392822265625 0.030521392822265625 0.030521392822265625 0.030521392822265625 0.030521392822265625 0.030521392822265625 0.030521392822265625 0.030521392822265625 0.030521392822265625 0.030521392822265625 0.030521392822265625 0.030521392822265625 0.030521392822265625 0.030521392822265625 0.030521392822265625 0.030521392822265625 0.030521392822265625 0.030521392822265625 0.030521392822265625 0.030521392822265625 0.030521392822265625 0.030521392822265625 0.030521392822265625 0.030521392822265625 0.030521392822265625 0.030521392822265625 0.030521392822265625 0.030521392822265625 0.030521392822265625 0.030521392822265625 0.030521392822265625 0.030521392822265625 0.030521392822265625 0.030521392822265625 0.030521392822265625 0.030521392822265625 0.030521392822265625 0.030521392822265625 0.030521392822265625 0.030521392822265625 0.030521392822265625 0.030521392822265625 0.030521392822265625 0.030521392822265625 0.030521392822265625 0.030521392822265625 0.030521392822265625 0.030521392822265625 0.030521392822265625 0.030521392822265625 0.030521392822265625 0.030521392822265625 0.030521392822265625 0.030521392822265625 0.030521392822265625 0.030521392822265625 0.030521392822265625 0.030521392822265625 0.030521392822265625 0.030521392822265625 0.030521392822265625 0.030521392822265625 0.030521392822265625 0.030521392822265625 0.030521392822265625 0.030521392822265625 0.030521392822265625 0.030521392822265625 0.030521392822265625 0.030521392822265625 0.030521392822265625 0.030521392822265625 0.030521392822265625 0.030521392822265625 0.030521392822265625 0.030521392822265625 0.030521392822265625 0.030521392822265625 0.030521392822265625 0.030521392822265625 0.030521392822265625 0.030521392822265625 0.030521392822265625 0.030521392822265625 0.030521392822265625 0.030521392822265625 0.030521392822265625 0.030521392822265625 0.030521392822265625 0.030521392822265625 0.030521392822265625 0.030521392822265625 0.030521392822265625 0.030521392822265625 0.030521392822265625 0.030521392822265625 0.030521392822265625 0.030521392822265625 0.030521392822265625 0.030521392822265625 0.030521392822265625 0.030521392822265625 0.030521392822265625 0.030521392822265625 0.030521392822265625 0.030521392822265625 0.030521392822265625 0.030521392822265625 0.030521392822265625 0.030521392822265625 0.030521392822265625 0.030521392822265625 0.030521392822265625 0.030521392822265625 0.030521392822265625 0.030521392822265625 0.030521392822265625 0.030521392822265625 0.030521392822265625 0.030521392822265625 0.030521392822265625 0.030521392822265625 0.030521392822265625 0.030521392822265625 0.030521392822265625 0.030521392822265625 0.030521392822265625 0.030521392822265625 0.030521392822265625 0.030521392822265625 0.030521392822265625 0.030521392822265625 0.030521392822265625 0.030521392822265625 0.030521392822265625 0.030521392822265625 0.030521392822265625 0.030521392822265625 0.030521392822265625 0.030521392822265625 0.030521392822265625 0.030521392822265625 0.030521392822265625 0.030521392822265625 0.030521392822265625 0.030521392822265625 0.030521392822265625 0.030521392822265625 0.030521392822265625 0.030521392822265625 0.030521392822265625 0.030521392822265625 0.030521392822265625 0.030521392822265625 0.030521392822265625 0.030521392822265625 0.030521392822265625 0.030521392822265625 0.030521392822265625 0.030521392822265625 0.030521392822265625 0.030521392822265625 0.030521392822265625 0.030521392822265625 0.030521392822265625 0.030521392822265625 0.030521392822265625 0.030521392822265625 0.030521392822265625 0.030521392822265625 0.030521392822265625 0.030521392822265625 0.030521392822265625 0.030521392822265625 0.030521392822265625 0.030521392822265625 0.030521392822265625 0.030521392822265625 0.030521392822265625 0.030521392822265625 0.030521392822265625 0.030521392822265625 0.030521392822265625 0.030521392822265625 0.030521392822265625 0.030521392822265625 0.030521392822265625 0.030521392822265625 0.030521392822265625 0.030521392822265625 0.030521392822265625 0.030521392822265625 0.030521392822265625 0.030521392822265625 0.030521392822265625 0.030521392822265625 0.030521392822265625 0.030521392822265625 0.030521392822265625 0.030521392822265625 0.030521392822265625 0.030521392822265625 0.030521392822265625 0.030521392822265625 0.030521392822265625 0.030521392822265625 0.030521392822265625 0.030521392822265625 0.030521392822265625 0.030521392822265625 0.030521392822265625 0.030521392822265625 0.030521392822265625 0.030521392822265625 0.030521392822265625 0.030521392822265625 0.030521392822265625 0.030521392822265625 0.030521392822265625 0.030521392822265625 0.030521392822265625 0.030521392822265625 0.030521392822265625 0.030521392822265625 0.030521392822265625 0.030521392822265625 0.030521392822265625 0.030521392822265625 0.030521392822265625 0.030521392822265625 0.030521392822265625 0.030521392822265625 0.030521392822265625 0.030521392822265625 0.030521392822265625 0.030521392822265625 0.030521392822265625 0.030521392822265625 0.030521392822265625 0.030521392822265625 0.030521392822265625 0.030521392822265625 0.030521392822265625 0.030521392822265625 0.030521392822265625 0.030521392822265625 0.030521392822265625 0.030521392822265625 0.030521392822265625 0.030521392822265625 0.030521392822265625 0.030521392822265625 0.030521392822265625 0.030521392822265625 0.030521392822265625 0.030521392822265625 0.030521392822265625 0.030521392822265625 0.030521392822265625 0.030521392822265625 0.030521392822265625 0.030521392822265625 0.030521392822265625 0.030521392822265625 0.030521392822265625 0.030521392822265625 0.030521392822265625 0.030521392822265625 0.030521392822265625 0.030521392822265625 0.030521392822265625 0.030521392822265625 0.030521392822265625 0.030521392822265625 0.030521392822265625 0.030521392822265625 0.030521392822265625 0.030521392822265625 0.030521392822265625 0.030521392822265625 0.030521392822265625 0.030521392822265625 0.030521392822265625 0.030521392822265625 0.030521392822265625 0.030521392822265625 0.030521392822265625 0.030521392822265625 0.030521392822265625 0.030521392822265625 0.030521392822265625 0.030521392822265625 0.030521392822265625 0.030521392822265625 0.030521392822265625 0.030521392822265625 0.030521392822265625 0.030521392822265625 0.030521392822265625 0.030521392822265625 0.030521392822265625 0.030521392822265625 0.030521392822265625 0.030521392822265625 0.030521392822265625 0.030521392822265625 0.030521392822265625 0.030521392822265625 0.030521392822265625 0.030521392822265625 0.030521392822265625 0.030521392822265625 0.030521392822265625 0.030521392822265625 0.030521392822265625 0.030521392822265625
T5: 0.030521392822265625 0 0 0 0 0 0 0 0 0 0 0 0 0 0 0 0 0 0 0 0 0 0 0.030521392822265625 0 0 0 0 0 0 0 0 0 0 0 0 0 0 0 0 0 0 0 0 0 0 0.030521392822265625 0 0 0 0 0 0 0 0 0 0 0 0 0 0 0 0 0 0 0 0 0 0 0.030521392822265625 0 0 0 0 0 0 0 0 0 0 0 0 0 0 0 0 0 0 0 0 0 0 0.030521392822265625 0 0 0 0 0 0 0 0 0 0 0 0 0 0 0 0 0 0 0 0 0 0 0.030521392822265625 0 0 0 0 0 0 0 0 0 0 0 0 0 0 0 0 0 0 0 0 0 0 0.030521392822265625 0 0 0 0 0 0 0 0 0 0 0 0 0 0 0 0 0 0 0 0 0 0 0.030521392822265625 0 0 0 0 0 0 0 0 0 0 0 0 0 0 0 0 0 0 0 0 0 0 0.030521392822265625 0 0 0 0 0 0 0 0 0 0 0 0 0 0 0 0 0 0 0 0 0 0 0.030521392822265625 0 0 0 0 0 0 0 0 0 0 0 0 0 0 0 0 0 0 0 0 0 0 0.030521392822265625 0 0 0 0 0 0 0 0 0 0 0 0 0 0 0 0 0 0 0 0 0 0 0.030521392822265625 0 0 0 0 0 0 0 0 0 0 0 0 0 0 0 0 0 0 0 0 0 0 0.030521392822265625 0 0 0 0 0 0 0 0 0 0 0 0 0 0 0 0 0 0 0 0 0 0 0.030521392822265625 0 0 0 0 0 0 0 0 0 0 0 0 0 0 0 0 0 0 0 0 0 0 0.030521392822265625 0 0 0 0 0 0 0 0 0 0 0 0 0 0 0 0 0 0 0 0 0 0 0.030521392822265625 0 0 0 0 0 0 0 0 0 0 0 0 0 0 0 0 0 0 0 0 0 0 0.030521392822265625 0 0 0 0 0 0 0 0 0 0 0 0 0 0 0 0 0 0 0 0 0 0 0.030521392822265625 0 0 0 0 0 0 0 0 0 0 0 0 0 0 0 0 0 0 0 0 0 0 0.030521392822265625 0 0 0 0 0 0 0 0 0 0 0 0 0 0 0 0 0 0 0 0 0 0 0.030521392822265625 0 0 0 0 0 0 0 0 0 0 0 0 0 0 0 0 0 0 0 0 0 0 0.030521392822265625 0 0 0 0 0 0 0 0 0 0 0 0 0 0 0 0 0 0 0 0 0 0 0.030521392822265625
